0, 0. 0. 0 0. 0. 0;
10, 0. 0. 0 0. 0. 0;
20, 0. 0. 0 0. 0. 0;
30, 0. 0. 0 0. 0. 0;
40, 0. 0. 0 0. 0. 0;
50, 0. 0. 0 0. 0. 0;
60, 0. 0. 0 0. 0. 0;
70, 0. 0. 0 0. 0. 0;
80, 0. 0. 0 0. 0. 0;
90, 0. 0. 0 0. 0. 0;
100, 0. 0. 0 0. 0. 0;
110, 0. 0. 0 0. 0. 0;
120, 0. 0. 0 0. 0. 0;
130, 0. 0. 0 0. 0. 0;
140, 0. 0. 0 0. 0. 0;
150, 0. 0. 0 0. 0. 0;
160, 0. 0. 0 0. 0. 0;
170, 0. 0. 0 0. 0. 0;
180, 0. 0. 0 0. 0. 0;
190, 0. 0. 0 0. 0. 0;
200, 0. 0. 0 0. 0. 0;
210, 0. 0. 0 0. 0. 0;
220, 0. 0. 0 0. 0. 0;
230, 0. 0. 0 0. 0. 0;
240, 0. 0. 0 0. 0. 0;
250, 0. 0. 0 0. 0. 0;
260, 0. 0. 0 0. 0. 0;
270, 0. 0. 0 0. 0. 0;
280, 0. 0. 0 0. 0. 0;
290, 0. 0. 0 0. 0. 0;
300, 0. 0. 0 0. 0. 0;
310, 0. 0. 0 0. 0. 0;
320, 0. 0. 0 0. 0. 0;
330, 0. 0. 0 0. 0. 0;
340, 0. 0. 0 0. 0. 0;
350, 0. 0. 0 0. 0. 0;
360, 0. 0. 0 0. 0. 0;
370, 0. 0. 0 0. 0. 0;
380, 0. 0. 0 0. 0. 0;
390, 0. 0. 0 0. 0. 0;
400, 0. 0. 0 0. 0. 0;
410, 0. 0. 0 0. 0. 0;
420, 0. 0. 0 0. 0. 0;
430, 0. 0. 0 0. 0. 0;
440, 0. 0. 0 0. 0. 0;
450, 0. 0. 0 0. 0. 0;
460, 0. 0. 0 0. 0. 0;
470, 0. 0. 0 0. 0. 0;
480, 0. 0. 0 0. 0. 0;
490, 0. 0. 0 0. 0. 0;
500, 0. 0. 0 0. 0. 0;
510, 0. 0. 0 0. 0. 0;
520, 0. 0. 0 0. 0. 0;
530, 0. 0. 0 0. 0. 0;
540, 0. 0. 0 0. 0. 0;
550, 0. 0. 0 0. 0. 0;
560, 0. 0. 0 0. 0. 0;
570, 0. 0. 0 0. 0. 0;
580, 0. 0. 0 0. 0. 0;
590, 0. 0. 0 0. 0. 0;
600, 0. 0. 0 0. 0. 0;
610, 0. 0. 0 0. 0. 0;
620, 0. 0. 0 0. 0. 0;
630, 0. 0. 0 0. 0. 0;
640, 0. 0. 0 0. 0. 0;
650, 0. 0. 0 0. 0. 0;
660, 0. 0. 0 0. 0. 0;
670, 0. 0. 0 0. 0. 0;
680, 0. 0. 0 0. 0. 0;
690, 0. 0. 0 0. 0. 0;
700, 0. 0. 0 0. 0. 0;
710, 0. 0. 0 0. 0. 0;
720, 0. 0. 0 0. 0. 0;
730, 0. 0. 0 0. 0. 0;
740, 0. 0. 0 0. 0. 0;
750, 0. 0. 0 0. 0. 0;
760, 0. 0. 0 0. 0. 0;
770, 0. 0. 0 0. 0. 0;
780, 0. 0. 0 0. 0. 0;
790, 0. 0. 0 0. 0. 0;
800, 0. 0. 0 0. 0. 0;
810, 0. 0. 0 0. 0. 0;
820, 0. 0. 0 0. 0. 0;
830, 0. 0. 0 0. 0. 0;
840, 0. 0. 0 0. 0. 0;
850, 0. 0. 0 0. 0. 0;
860, 0. 0. 0 0. 0. 0;
870, 0. 0. 0 0. 0. 0;
880, 0. 0. 0 0. 0. 0;
890, 0. 0. 0 0. 0. 0;
900, 0. 0. 0 0. 0. 0;
910, 0. 0. 0 0. 0. 0;
920, 0. 0. 0 0. 0. 0;
930, 0. 0. 0 0. 0. 0;
940, 0. 0. 0 0. 0. 0;
950, 0. 0. 0 0. 0. 0;
960, 0. 0. 0 0. 0. 0;
970, 0. 0. 0 0. 0. 0;
980, 0. 0. 0 0. 0. 0;
990, 0. 0. 0 0. 0. 0;
1000, 0. 0. 0 0. 0. 0;
1010, 0. 0. 0 0. 0. 0;
1020, 0. 0. 0 0. 0. 0;
1030, 0. 0. 0 0. 0. 0;
1040, 0. 0. 0 0. 0. 0;
1050, 0. 0. 0 0. 0. 0;
1060, 0. 0. 0 0. 0. 0;
1070, 0. 0. 0 0. 0. 0;
1080, 0. 0. 0 0. 0. 0;
1090, 0. 0. 0 0. 0. 0;
1100, 0. 0. 0 0. 0. 0;
1110, 0. 0. 0 0. 0. 0;
1120, 0. 0. 0 0. 0. 0;
1130, 0. 0. 0 0. 0. 0;
1140, 0. 0. 0 0. 0. 0;
1150, 0. 0. 0 0. 0. 0;
1160, 0. 0. 0 0. 0. 0;
1170, 0. 0. 0 0. 0. 0;
1180, 0. 0. 0 0. 0. 0;
1190, 0. 0. 0 0. 0. 0;
1200, 0. 0. 0 0. 0. 0;
1210, 0. 0. 0 0. 0. 0;
1220, 0. 0. 0 0. 0. 0;
1230, 0. 0. 0 0. 0. 0;
1240, 0. 0. 0 0. 0. 0;
1250, 0. 0. 0 0. 0. 0;
1260, 0. 0. 0 0. 0. 0;
1270, 0. 0. 0 0. 0. 0;
1280, 0. 0. 0 0. 0. 0;
1290, 0. 0. 0 0. 0. 0;
1300, 0. 0. 0 0. 0. 0;
1310, 0. 0. 0 0. 0. 0;
1320, 0. 0. 0 0. 0. 0;
1330, 0. 0. 0 0. 0. 0;
1340, 0. 0. 0 0. 0. 0;
1350, 0. 0. 0 0. 0. 0;
1360, 0. 0. 0 0. 0. 0;
1370, 0. 0. 0 0. 0. 0;
1380, 0. 0. 0 0. 0. 0;
1390, 0. 0. 0 0. 0. 0;
1400, 0. 0. 0 0. 0. 0;
1410, 0. 0. 0 0. 0. 0;
1420, 0. 0. 0 0. 0. 0;
1430, 0. 0. 0 0. 0. 0;
1440, 0. 0. 0 0. 0. 0;
1450, 0. 0. 0 0. 0. 0;
1460, 0. 0. 0 0. 0. 0;
1470, 0. 0. 0 0. 0. 0;
1480, 0. 0. 0 0. 0. 0;
1490, 0. 0. 0 0. 0. 0;
1500, 0. 0. 0 0. 0. 0;
1510, 0. 0. 0 0. 0. 0;
1520, 0. 0. 0 0. 0. 0;
1530, 0. 0. 0 0. 0. 0;
1540, 0. 0. 0 0. 0. 0;
1550, 0. 0. 0 0. 0. 0;
1560, 0. 0. 0 0. 0. 0;
1570, 0. 0. 0 0. 0. 0;
1580, 0. 0. 0 0. 0. 0;
1590, 0. 0. 0 0. 0. 0;
1600, 0. 0. 0 0. 0. 0;
1610, 0. 0. 0 0. 0. 0;
1620, 0. 0. 0 0. 0. 0;
1630, 0. 0. 0 0. 0. 0;
1640, 0. 0. 0 0. 0. 0;
1650, 0. 0. 0 0. 0. 0;
1660, 0. 0. 0 0. 0. 0;
1670, 0. 0. 0 0. 0. 0;
1680, 0. 0. 0 0. 0. 0;
1690, 0. 0. 0 0. 0. 0;
1700, 0. 0. 0 0. 0. 0;
1710, 0. 0. 0 0. 0. 0;
1720, 0. 0. 0 0. 0. 0;
1730, 0. 0. 0 0. 0. 0;
1740, 0. 0. 0 0. 0. 0;
1750, 0. 0. 0 0. 0. 0;
1760, 0. 0. 0 0. 0. 0;
1770, 0. 0. 0 0. 0. 0;
1780, 0. 0. 0 0. 0. 0;
1790, 0. 0. 0 0. 0. 0;
1800, 0. 0. 0 0. 0. 0;
1810, 0. 0. 0 0. 0. 0;
1820, 0. 0. 0 0. 0. 0;
1830, 0. 0. 0 0. 0. 0;
1840, 0. 0. 0 0. 0. 0;
1850, 0. 0. 0 0. 0. 0;
1860, 0. 0. 0 0. 0. 0;
1870, 0. 0. 0 0. 0. 0;
1880, 0. 0. 0 0. 0. 0;
1890, 0. 0. 0 0. 0. 0;
1900, 0. 0. 0 0. 0. 0;
1910, 0. 0. 0 0. 0. 0;
1920, 0. 0. 0 0. 0. 0;
1930, 0. 0. 0 0. 0. 0;
1940, 0. 0. 0 0. 0. 0;
1950, 0. 0. 0 0. 0. 0;
1960, 0. 0. 0 0. 0. 0;
1970, 0. 0. 0 0. 0. 0;
1980, 0. 0. 0 0. 0. 0;
1990, 0. 0. 0 0. 0. 0;
2000, 0. 0. 0 0. 0. 0;
2010, 0. 0. 0 0. 0. 0;
2020, 0. 0. 0 0. 0. 0;
2030, 0. 0. 0 0. 0. 0;
2040, 0. 0. 0 0. 0. 0;
2050, 0. 0. 0 0. 0. 0;
2060, 0. 0. 0 0. 0. 0;
2070, 0. 0. 0 0. 0. 0;
2080, 0. 0. 0 0. 0. 0;
2090, 0. 0. 0 0. 0. 0;
2100, 0. 0. 0 0. 0. 0;
2110, 0. 0. 0 0. 0. 0;
2120, 0. 0. 0 0. 0. 0;
2130, 0. 0. 0 0. 0. 0;
2140, 0. 0. 0 0. 0. 0;
2150, 0. 0. 0 0. 0. 0;
2193, 0. 0. 0 0. 0. 0;
2203, 0. 0. 0 0. 0. 0;
2213, 0. 0. 0 0. 0. 0;
2223, 0. 0. 0 0. 0. 0;
2233, 0. 0. 0 0. 0. 0;
2243, 0. 0. 0 0. 0. 0;
2253, 0. 0. 0 0. 0. 0;
2263, 0. 0. 0 0. 0. 0;
2273, 0. 0. 0 0. 0. 0;
2283, 0. 0. 0 0. 0. 0;
2293, 0. 0. 0 0. 0. 0;
2303, 0. 0. 0 0. 0. 0;
2313, 0. 0. 0 0. 0. 0;
2323, 0. 0. 0 0. 0. 0;
2333, 0. 0. 0 0. 0. 0;
2343, 0. 0. 0 0. 0. 0;
2353, 0. 0. 0 0. 0. 0;
2363, 0. 0. 0 0. 0. 0;
2373, 0. 0. 0 0. 0. 0;
2383, 0. 0. 0 0. 0. 0;
2393, 0. 0. 0 0. 0. 0;
2403, 0. 0. 0 0. 0. 0;
2413, 0. 0. 0 0. 0. 0;
2423, 0. 0. 0 0. 0. 0;
2433, 0. 0. 0 0. 0. 0;
2443, 0. 0. 0 0. 0. 0;
2453, 0. 0. 0 0. 0. 0;
2463, 0. 0. 0 0. 0. 0;
2473, 0. 0. 0 0. 0. 0;
2483, 0. 0. 0 0. 0. 0;
2493, 0. 0. 0 0. 0. 0;
2503, 0. 0. 0 0. 0. 0;
2513, 0. 0. 0 0. 0. 0;
2523, 0. 0. 0 0. 0. 0;
2533, 0. 0. 0 0. 0. 0;
2543, 0. 0. 0 0. 0. 0;
2553, 0. 0. 0 0. 0. 0;
2563, 0. 0. 0 0. 0. 0;
2573, 0. 0. 0 0. 0. 0;
2583, 0. 0. 0 0. 0. 0;
2593, 0. 0. 0 0. 0. 0;
2603, 0. 0. 0 0. 0. 0;
2613, 0. 0. 0 0. 0. 0;
2623, 0. 0. 0 0. 0. 0;
2633, 0. 0. 0 0. 0. 0;
2643, 0. 0. 0 0. 0. 0;
2653, 0. 0. 0 0. 0. 0;
2663, 0. 0. 0 0. 0. 0;
2673, 0. 0. 0 0. 0. 0;
2683, 0. 0. 0 0. 0. 0;
2693, 0. 0. 0 0. 0. 0;
2703, 0. 0. 0 0. 0. 0;
2713, 0. 0. 0 0. 0. 0;
2723, 0. 0. 0 0. 0. 0;
2733, 0. 0. 0 0. 0. 0;
2743, 0. 0. 0 0. 0. 0;
2753, 0. 0. 0 0. 0. 0;
2763, 0. 0. 0 0. 0. 0;
2773, 0. 0. 0 0. 0. 0;
2783, 0. 0. 0 0. 0. 0;
2793, 0. 0. 0 0. 0. 0;
2803, 0. 0. 0 0. 0. 0;
2813, 0. 0. 0 0. 0. 0;
2823, 0. 0. 0 0. 0. 0;
2833, 0. 0. 0 0. 0. 0;
2843, 0. 0. 0 0. 0. 0;
2853, 0. 0. 0 0. 0. 0;
2863, 0. 0. 0 0. 0. 0;
2873, 0. 0. 0 0. 0. 0;
2883, 0. 0. 0 0. 0. 0;
2893, 0. 0. 0 0. 0. 0;
2903, 0. 0. 0 0. 0. 0;
2913, 0. 0. 0 0. 0. 0;
2923, 0. 0. 0 0. 0. 0;
2933, 0. 0. 0 0. 0. 0;
2943, 0. 0. 0 0. 0. 0;
2953, 0. 0. 0 0. 0. 0;
2963, 0. 0. 0 0. 0. 0;
2973, 0. 0. 0 0. 0. 0;
2983, 0. 0. 0 0. 0. 0;
2993, 0. 0. 0 0. 0. 0;
3003, 0. 0. 0 0. 0. 0;
3013, 0. 0. 0 0. 0. 0;
3023, 0. 0. 0 0. 0. 0;
3033, 0. 0. 0 0. 0. 0;
3043, 0. 0. 0 0. 0. 0;
3053, 0. 0. 0 0. 0. 0;
3063, 0. 0. 0 0. 0. 0;
3073, 0. 0. 0 0. 0. 0;
3083, 0. 0. 0 0. 0. 0;
3093, 0. 0. 0 0. 0. 0;
3103, 0. 0. 0 0. 0. 0;
3113, 0. 0. 0 0. 0. 0;
3123, 0. 0. 0 0. 0. 0;
3133, 0. 0. 0 0. 0. 0;
3143, 0. 0. 0 0. 0. 0;
3153, 0. 0. 0 0. 0. 0;
3163, 0. 0. 0 0. 0. 0;
3173, 0. 0. 0 0. 0. 0;
3183, 0. 0. 0 0. 0. 0;
3193, 0. 0. 0 0. 0. 0;
3203, 0. 0. 0 0. 0. 0;
3213, 0. 0. 0 0. 0. 0;
3223, 0. 0. 0 0. 0. 0;
3233, 0. 0. 0 0. 0. 0;
3243, 0. 0. 0 0. 0. 0;
3253, 0. 0. 0 0. 0. 0;
3263, 0. 0. 0 0. 0. 0;
3273, 0. 0. 0 0. 0. 0;
3283, 0. 0. 0 0. 0. 0;
3293, 0. 0. 0 0. 0. 0;
3303, 0. 0. 0 0. 0. 0;
3313, 0. 0. 0 0. 0. 0;
3323, 0. 0. 0 0. 0. 0;
3333, 0. 0. 0 0. 0. 0;
3343, 0. 0. 0 0. 0. 0;
3353, 0. 0. 0 0. 0. 0;
3363, 0. 0. 0 0. 0. 0;
3373, 0. 0. 0 0. 0. 0;
3383, 0. 0. 0 0. 0. 0;
3393, 0. 0. 0 0. 0. 0;
3403, 0. 0. 0 0. 0. 0;
3413, 0. 0. 0 0. 0. 0;
3423, 0. 0. 0 0. 0. 0;
3433, 0. 0. 0 0. 0. 0;
3443, 0. 0. 0 0. 0. 0;
3453, 0. 0. 0 0. 0. 0;
3463, 0. 0. 0 0. 0. 0;
3473, 0. 0. 0 0. 0. 0;
3483, 0. 0. 0 0. 0. 0;
3493, 0. 0. 0 0. 0. 0;
3503, 0. 0. 0 0. 0. 0;
3513, 0. 0. 0 0. 0. 0;
3523, 0. 0. 0 0. 0. 0;
3533, 0. 0. 0 0. 0. 0;
3543, 0. 0. 0 0. 0. 0;
3553, 0. 0. 0 0. 0. 0;
3563, 0. 0. 0 0. 0. 0;
3573, 0. 0. 0 0. 0. 0;
3583, 0. 0. 0 0. 0. 0;
3593, 0. 0. 0 0. 0. 0;
3603, 0. 0. 0 0. 0. 0;
3613, 0. 0. 0 0. 0. 0;
3623, 0. 0. 0 0. 0. 0;
3633, 0. 0. 0 0. 0. 0;
3643, 0. 0. 0 0. 0. 0;
3653, 0. 0. 0 0. 0. 0;
3663, 0. 0. 0 0. 0. 0;
3673, 0. 0. 0 0. 0. 0;
3683, 0. 0. 0 0. 0. 0;
3693, 0. 0. 0 0. 0. 0;
3703, 0. 0. 0 0. 0. 0;
3713, 0. 0. 0 0. 0. 0;
3723, 0. 0. 0 0. 0. 0;
3733, 0. 0. 0 0. 0. 0;
3743, 0. 0. 0 0. 0. 0;
3753, 0. 0. 0 0. 0. 0;
3763, 0. 0. 0 0. 0. 0;
3773, 0. 0. 0 0. 0. 0;
3783, 0. 0. 0 0. 0. 0;
3793, 0. 0. 0 0. 0. 0;
3803, 0. 0. 0 0. 0. 0;
3813, 0. 0. 0 0. 0. 0;
3823, 0. 0. 0 0. 0. 0;
3833, 0. 0. 0 0. 0. 0;
3843, 0. 0. 0 0. 0. 0;
3853, 0. 0. 0 0. 0. 0;
3863, 0. 0. 0 0. 0. 0;
3873, 0. 0. 0 0. 0. 0;
3883, 0. 0. 0 0. 0. 0;
3893, 0. 0. 0 0. 0. 0;
3903, 0. 0. 0 0. 0. 0;
3913, 0. 0. 0 0. 0. 0;
3923, 0. 0. 0 0. 0. 0;
3933, 0. 0. 0 0. 0. 0;
3943, 0. 0. 0 0. 0. 0;
3953, 0. 0. 0 0. 0. 0;
3963, 0. 0. 0 0. 0. 0;
3973, 0. 0. 0 0. 0. 0;
3983, 0. 0. 0 0. 0. 0;
3993, 0. 0. 0 0. 0. 0;
4003, 0. 0. 0 0. 0. 0;
4013, 0. 0. 0 0. 0. 0;
4023, 0. 0. 0 0. 0. 0;
4033, 0. 0. 0 0. 0. 0;
4043, 0. 0. 0 0. 0. 0;
4053, 0. 0. 0 0. 0. 0;
4063, 0. 0. 0 0. 0. 0;
4073, 0. 0. 0 0. 0. 0;
4083, 0. 0. 0 0. 0. 0;
4093, 0. 0. 0 0. 0. 0;
4103, 0. 0. 0 0. 0. 0;
4113, 0. 0. 0 0. 0. 0;
4123, 0. 0. 0 0. 0. 0;
4133, 0. 0. 0 0. 0. 0;
4143, 0. 0. 0 0. 0. 0;
4153, 0. 0. 0 0. 0. 0;
4163, 0. 0. 0 0. 0. 0;
4173, 0. 0. 0 0. 0. 0;
4183, 0. 0. 0 0. 0. 0;
4193, 0. 0. 0 0. 0. 0;
4203, 0. 0. 0 0. 0. 0;
4213, 0. 0. 0 0. 0. 0;
4223, 0. 0. 0 0. 0. 0;
4233, 0. 0. 0 0. 0. 0;
4243, 0. 0. 0 0. 0. 0;
4253, 0. 0. 0 0. 0. 0;
4263, 0. 0. 0 0. 0. 0;
4273, 0. 0. 0 0. 0. 0;
4283, 0. 0. 0 0. 0. 0;
4293, 0. 0. 0 0. 0. 0;
4303, 0. 0. 0 0. 0. 0;
4313, 0. 0. 0 0. 0. 0;
4323, 0. 0. 0 0. 0. 0;
4333, 0. 0. 0 0. 0. 0;
4343, 0. 0. 0 0. 0. 0;
4353, 0. 0. 0 0. 0. 0;
4363, 0. 0. 0 0. 0. 0;
4373, 0. 0. 0 0. 0. 0;
4383, 0. 0. 0 0. 0. 0;
4393, 0. 0. 0 0. 0. 0;
4403, 0. 0. 0 0. 0. 0;
4413, 0. 0. 0 0. 0. 0;
4423, 0. 0. 0 0. 0. 0;
4433, 0. 0. 0 0. 0. 0;
4443, 0. 0. 0 0. 0. 0;
4453, 0. 0. 0 0. 0. 0;
4463, 0. 0. 0 0. 0. 0;
4473, 0. 0. 0 0. 0. 0;
4483, 0. 0. 0 0. 0. 0;
4493, 0. 0. 0 0. 0. 0;
4503, 0. 0. 0 0. 0. 0;
4513, 0. 0. 0 0. 0. 0;
4523, 0. 0. 0 0. 0. 0;
4533, 0. 0. 0 0. 0. 0;
4543, 0. 0. 0 0. 0. 0;
4553, 0. 0. 0 0. 0. 0;
4563, 0. 0. 0 0. 0. 0;
4573, 0. 0. 0 0. 0. 0;
4583, 0. 0. 0 0. 0. 0;
4593, 0. 0. 0 0. 0. 0;
4603, 0. 0. 0 0. 0. 0;
4613, 0. 0. 0 0. 0. 0;
4623, 0. 0. 0 0. 0. 0;
4633, 0. 0. 0 0. 0. 0;
4643, 0. 0. 0 0. 0. 0;
4653, 0. 0. 0 0. 0. 0;
4663, 0. 0. 0 0. 0. 0;
4673, 0. 0. 0 0. 0. 0;
4683, 0. 0. 0 0. 0. 0;
4693, 0. 0. 0 0. 0. 0;
4703, 0. 0. 0 0. 0. 0;
4713, 0. 0. 0 0. 0. 0;
4723, 0. 0. 0 0. 0. 0;
4733, 0. 0. 0 0. 0. 0;
4743, 0. 0. 0 0. 0. 0;
4753, 0. 0. 0 0. 0. 0;
4763, 0. 0. 0 0. 0. 0;
4773, 0. 0. 0 0. 0. 0;
4783, 0. 0. 0 0. 0. 0;
4793, 0. 0. 0 0. 0. 0;
4803, 0. 0. 0 0. 0. 0;
4813, 0. 0. 0 0. 0. 0;
4823, 0. 0. 0 0. 0. 0;
4833, 0. 0. 0 0. 0. 0;
4843, 0. 0. 0 0. 0. 0;
4853, 0. 0. 0 0. 0. 0;
4863, 0. 0. 0 0. 0. 0;
4873, 0. 0. 0 0. 0. 0;
4883, 0. 0. 0 0. 0. 0;
4893, 0. 0. 0 0. 0. 0;
4903, 0. 0. 0 0. 0. 0;
4913, 0. 0. 0 0. 0. 0;
4923, 0. 0. 0 0. 0. 0;
4933, 0. 0. 0 0. 0. 0;
4943, 0. 0. 0 0. 0. 0;
4953, 0. 0. 0 0. 0. 0;
4963, 0. 0. 0 0. 0. 0;
4973, 0. 0. 0 0. 0. 0;
4983, 0. 0. 0 0. 0. 0;
4993, 0. 0. 0 0. 0. 0;
5003, 0. 0. 0 0. 0. 0;
5013, 0. 0. 0 0. 0. 0;
5023, 0. 0. 0 0. 0. 0;
5033, 0. 0. 0 0. 0. 0;
5043, 0.106797 0.802469 1 0. 0. 0;
5053, 0.106797 0.802469 1 0. 0. 0;
5063, 0.106797 0.802469 1 0. 0. 0;
5073, 0.106797 0.802469 1 0. 0. 0;
5083, 0.106797 0.802469 1 0. 0. 0;
5093, 0.106797 0.802469 1 0. 0. 0;
5103, 0.106797 0.802469 1 0. 0. 0;
5113, 0.106797 0.802469 1 0. 0. 0;
5123, 0.106797 0.802469 1 0. 0. 0;
5133, 0.106797 0.802469 1 0. 0. 0;
5143, 0.106797 0.802469 1 0.086447 0.804645 1;
5153, 0.106797 0.802469 1 0.086447 0.804645 1;
5163, 0.106797 0.802469 1 0.088995 0.805707 1;
5173, 0.106797 0.802469 1 0.089844 0.805707 1;
5183, 0.106797 0.802469 1 0.089844 0.805707 1;
5193, 0.106797 0.802469 1 0.089844 0.805707 1;
5203, 0.106797 0.802469 1 0.090693 0.806768 1;
5213, 0.106797 0.802469 1 0.090693 0.806768 1;
5223, 0.106797 0.802469 1 0.091542 0.806768 1;
5233, 0.106797 0.802469 1 0.091542 0.806768 1;
5243, 0.106797 0.802469 1 0.091542 0.806768 1;
5253, 0.106797 0.802469 1 0.091542 0.806768 1;
5263, 0.106797 0.802469 1 0.091542 0.806768 1;
5273, 0.106797 0.802469 1 0.092391 0.806768 1;
5283, 0.106797 0.802469 1 0.092391 0.806768 1;
5293, 0.106797 0.802469 1 0.092391 0.806768 1;
5303, 0.106797 0.802469 1 0.092391 0.806768 1;
5313, 0.106797 0.802469 1 0.092391 0.806768 1;
5323, 0.106797 0.802469 1 0.092391 0.806768 1;
5333, 0.106797 0.802469 1 0.092391 0.806768 1;
5343, 0.106797 0.802469 1 0.092391 0.806768 1;
5353, 0.106797 0.802469 1 0.09324 0.807829 1;
5363, 0.106797 0.802469 1 0.09324 0.807829 1;
5373, 0.106797 0.802469 1 0.09324 0.807829 1;
5383, 0.106797 0.802469 1 0.09324 0.807829 1;
5393, 0.106797 0.802469 1 0.09324 0.807829 1;
5403, 0.106797 0.802469 1 0.09324 0.807829 1;
5413, 0.106797 0.802469 1 0.09324 0.807829 1;
5423, 0.106797 0.802469 1 0.09324 0.807829 1;
5433, 0.106797 0.802469 1 0.09324 0.807829 1;
5443, 0.106797 0.802469 1 0.09324 0.807829 1;
5453, 0.106797 0.802469 1 0.09324 0.807829 1;
5463, 0.106797 0.802469 1 0.09409 0.808891 1;
5473, 0.106797 0.802469 1 0.09409 0.808891 1;
5483, 0.106797 0.802469 1 0.09409 0.808891 1;
5493, 0.106797 0.802469 1 0.09409 0.808891 1;
5503, 0.106797 0.802469 1 0.09409 0.808891 1;
5513, 0.106797 0.802469 1 0.09409 0.808891 1;
5523, 0.106797 0.802469 1 0.09409 0.808891 1;
5533, 0.106797 0.802469 1 0.09409 0.808891 1;
5543, 0.106797 0.802469 1 0.09409 0.808891 1;
5553, 0.106797 0.802469 1 0.09409 0.808891 1;
5563, 0.106797 0.802469 1 0.09409 0.808891 1;
5573, 0.106797 0.802469 1 0.09409 0.808891 1;
5583, 0.106797 0.802469 1 0.09409 0.808891 1;
5593, 0.106797 0.802469 1 0.09409 0.808891 1;
5603, 0.106797 0.802469 1 0.09409 0.808891 1;
5613, 0.106797 0.802469 1 0.09409 0.808891 1;
5623, 0.106797 0.802469 1 0.09409 0.808891 1;
5633, 0.106797 0.802469 1 0.09409 0.808891 1;
5643, 0.106797 0.802469 1 0.09409 0.808891 1;
5653, 0.106797 0.802469 1 0.09409 0.808891 1;
5663, 0.106797 0.802469 1 0.09409 0.808891 1;
5673, 0.106797 0.802469 1 0.09409 0.808891 1;
5683, 0.106797 0.802469 1 0.09409 0.808891 1;
5693, 0.106797 0.802469 1 0.09409 0.808891 1;
5703, 0.106797 0.802469 1 0.09409 0.808891 1;
5713, 0.106797 0.802469 1 0.09409 0.808891 1;
5723, 0.106797 0.802469 1 0.09409 0.808891 1;
5733, 0.106797 0.802469 1 0.09409 0.808891 1;
5743, 0.106797 0.802469 1 0.09409 0.808891 1;
5753, 0.106797 0.802469 1 0.09409 0.808891 1;
5763, 0.106797 0.802469 1 0.09409 0.808891 1;
5773, 0.106797 0.802469 1 0.09409 0.808891 1;
5783, 0.106797 0.802469 1 0.09409 0.808891 1;
5793, 0.106797 0.802469 1 0.09409 0.808891 1;
5803, 0.106797 0.802469 1 0.09409 0.808891 1;
5813, 0.106797 0.802469 1 0.09409 0.808891 1;
5823, 0.106797 0.802469 1 0.09409 0.808891 1;
5833, 0.106797 0.802469 1 0.09409 0.808891 1;
5843, 0.106797 0.802469 1 0.09409 0.808891 1;
5853, 0.106797 0.802469 1 0.09409 0.808891 1;
5863, 0.106797 0.802469 1 0.09409 0.808891 1;
5873, 0.107323 0.798728 1 0.09409 0.808891 1;
5883, 0.107323 0.798728 1 0.09409 0.808891 1;
5893, 0.107323 0.797793 1 0.09409 0.808891 1;
5903, 0.107323 0.797793 1 0.09409 0.808891 1;
5913, 0.107323 0.797793 1 0.09409 0.808891 1;
5923, 0.106797 0.795922 1 0.09409 0.808891 1;
5933, 0.106797 0.795922 1 0.09409 0.808891 1;
5943, 0.106797 0.794987 1 0.09409 0.808891 1;
5953, 0.106797 0.794987 1 0.09409 0.808891 1;
5963, 0.106797 0.794052 1 0.09409 0.808891 1;
5973, 0.106797 0.790311 1 0.09409 0.808891 1;
5983, 0.106797 0.790311 1 0.09409 0.808891 1;
5993, 0.106797 0.787505 1 0.09409 0.808891 1;
6003, 0.106797 0.785634 1 0.09409 0.808891 1;
6013, 0.106797 0.782828 1 0.09409 0.808891 1;
6023, 0.106797 0.781893 1 0.09409 0.808891 1;
6033, 0.106797 0.778152 1 0.09409 0.808891 1;
6043, 0.106797 0.774411 1 0.09409 0.808891 1;
6053, 0.106797 0.771605 1 0.09409 0.808891 1;
6063, 0.106797 0.769734 1 0.09409 0.808891 1;
6073, 0.106271 0.765993 1 0.094939 0.809952 1;
6083, 0.106271 0.761317 1 0.094939 0.809952 1;
6093, 0.106271 0.758511 1 0.094939 0.809952 1;
6103, 0.106271 0.753835 1 0.094939 0.809952 1;
6113, 0.106271 0.752899 1 0.094939 0.809952 1;
6123, 0.106271 0.748223 1 0.094939 0.809952 1;
6133, 0.106271 0.745417 1 0.094939 0.809952 1;
6143, 0.106271 0.740741 1 0.094939 0.809952 1;
6153, 0.105745 0.73887 1 0.094939 0.809952 1;
6163, 0.105745 0.734194 1 0.094939 0.809952 1;
6173, 0.105745 0.728582 1 0.094939 0.809952 1;
6183, 0.105745 0.725776 1 0.094939 0.809952 1;
6193, 0.105745 0.7211 1 0.094939 0.809952 1;
6203, 0.105219 0.719229 1 0.094939 0.809952 1;
6213, 0.105219 0.714553 1 0.094939 0.809952 1;
6223, 0.105219 0.712682 1 0.094939 0.809952 1;
6233, 0.105219 0.708006 1 0.094939 0.809952 1;
6243, 0.105219 0.706135 1 0.094939 0.809952 1;
6253, 0.105219 0.702394 1 0.094939 0.809952 1;
6263, 0.105219 0.697718 1 0.094939 0.809952 1;
6273, 0.105219 0.695847 1 0.094939 0.809952 1;
6283, 0.105219 0.691171 1 0.094939 0.809952 1;
6293, 0.105219 0.6893 1 0.094939 0.809952 1;
6303, 0.105219 0.684624 1 0.094939 0.809952 1;
6313, 0.104693 0.682753 1 0.094939 0.809952 1;
6323, 0.104693 0.678077 1 0.094939 0.809952 1;
6333, 0.104693 0.673401 1 0.094939 0.809952 1;
6343, 0.104693 0.67153 1 0.094939 0.809952 1;
6353, 0.105219 0.666854 1 0.094939 0.809952 1;
6363, 0.105219 0.664983 1 0.094939 0.809952 1;
6373, 0.105219 0.659372 1 0.094939 0.809952 1;
6383, 0.105219 0.65376 1 0.094939 0.809952 1;
6393, 0.105219 0.651889 1 0.094939 0.809952 1;
6403, 0.105219 0.649083 1 0.094939 0.809952 1;
6413, 0.105219 0.647213 1 0.094939 0.809952 1;
6423, 0.105219 0.642537 1 0.094939 0.809952 1;
6433, 0.105219 0.63599 1 0.094939 0.809952 1;
6443, 0.105219 0.634119 1 0.094939 0.809952 1;
6453, 0.105219 0.631313 1 0.094939 0.809952 1;
6463, 0.105219 0.631313 1 0.094939 0.809952 1;
6473, 0.105219 0.627572 1 0.094939 0.809952 1;
6483, 0.105219 0.627572 1 0.094939 0.809952 1;
6493, 0.105219 0.624766 1 0.094939 0.809952 1;
6503, 0.105219 0.622896 1 0.094939 0.809952 1;
6513, 0.105219 0.621025 1 0.094939 0.809952 1;
6523, 0.105219 0.619155 1 0.094939 0.809952 1;
6533, 0.105219 0.618219 1 0.094939 0.809952 1;
6543, 0.105219 0.616349 1 0.094939 0.809952 1;
6553, 0.105219 0.614478 1 0.094939 0.809952 1;
6563, 0.105219 0.612608 1 0.094939 0.809952 1;
6573, 0.105219 0.610737 1 0.094939 0.809952 1;
6583, 0.105219 0.608866 1 0.094939 0.809952 1;
6593, 0.105219 0.607931 1 0.094939 0.809952 1;
6603, 0.105219 0.606061 1 0.094939 0.809952 1;
6613, 0.105219 0.60419 1 0.094939 0.809952 1;
6623, 0.105219 0.601384 1 0.094939 0.809952 1;
6633, 0.105219 0.601384 1 0.094939 0.809952 1;
6643, 0.105745 0.597643 1 0.094939 0.809952 1;
6653, 0.105745 0.597643 1 0.094939 0.809952 1;
6663, 0.105745 0.593902 1 0.094939 0.809952 1;
6673, 0.105745 0.592967 1 0.094939 0.809952 1;
6683, 0.106271 0.590161 1 0.094939 0.809952 1;
6693, 0.106271 0.58642 1 0.094939 0.809952 1;
6703, 0.106271 0.585484 1 0.094939 0.809952 1;
6713, 0.106271 0.581743 1 0.094939 0.809952 1;
6723, 0.106271 0.580808 1 0.094939 0.809952 1;
6733, 0.106797 0.577067 1 0.094939 0.809952 1;
6743, 0.106797 0.576132 1 0.094939 0.809952 1;
6753, 0.106797 0.572391 1 0.094939 0.809952 1;
6763, 0.107323 0.569585 1 0.094939 0.809952 1;
6773, 0.107323 0.567714 1 0.094939 0.809952 1;
6783, 0.107849 0.563973 1 0.094939 0.809952 1;
6793, 0.108375 0.562103 1 0.094939 0.809952 1;
6803, 0.108375 0.557426 1 0.094939 0.809952 1;
6813, 0.108902 0.555556 1 0.094939 0.809952 1;
6823, 0.109428 0.550879 1 0.094939 0.809952 1;
6833, 0.109954 0.547138 1 0.094939 0.809952 1;
6843, 0.109954 0.545268 1 0.094939 0.809952 1;
6853, 0.11048 0.542462 1 0.094939 0.809952 1;
6863, 0.11048 0.542462 1 0.094939 0.809952 1;
6873, 0.111006 0.541526 1 0.094939 0.809952 1;
6883, 0.111006 0.540591 1 0.094939 0.809952 1;
6893, 0.111006 0.540591 1 0.094939 0.809952 1;
6903, 0.111532 0.538721 1 0.094939 0.808891 1;
6913, 0.111532 0.538721 1 0.094939 0.808891 1;
6923, 0.112584 0.538721 1 0.094939 0.808891 1;
6933, 0.112584 0.538721 1 0.094939 0.806768 1;
6943, 0.112584 0.538721 1 0.094939 0.806768 1;
6953, 0.112584 0.538721 1 0.094939 0.806768 1;
6963, 0.11311 0.539656 1 0.094939 0.805707 1;
6973, 0.11311 0.541526 1 0.094939 0.804645 1;
6983, 0.11311 0.542462 1 0.094939 0.801461 1;
6993, 0.11311 0.544332 1 0.094939 0.801461 1;
7003, 0.112584 0.547138 1 0.09409 0.800399 1;
7013, 0.112058 0.551814 1 0.09409 0.798276 1;
7023, 0.112058 0.55462 1 0.09409 0.795092 1;
7033, 0.111532 0.561167 1 0.09409 0.792969 1;
7043, 0.111006 0.563973 1 0.09409 0.791907 1;
7053, 0.11048 0.57052 1 0.09409 0.788723 1;
7063, 0.109954 0.574261 1 0.09409 0.7866 1;
7073, 0.109428 0.581743 1 0.09409 0.784477 1;
7083, 0.109428 0.585484 1 0.09409 0.782354 1;
7093, 0.108375 0.592031 1 0.09409 0.781292 1;
7103, 0.107849 0.598578 1 0.09324 0.778108 1;
7113, 0.107323 0.605125 1 0.09324 0.775985 1;
7123, 0.106797 0.607931 1 0.09324 0.774924 1;
7133, 0.106797 0.610737 1 0.09324 0.772801 1;
7143, 0.106271 0.617284 1 0.09324 0.770678 1;
7153, 0.106271 0.619155 1 0.09324 0.769616 1;
7163, 0.105745 0.623831 1 0.09324 0.768555 1;
7173, 0.105219 0.628507 1 0.092391 0.766432 1;
7183, 0.104167 0.636925 1 0.092391 0.76537 1;
7193, 0.103641 0.642537 1 0.092391 0.764309 1;
7203, 0.103641 0.645342 1 0.092391 0.762186 1;
7213, 0.102588 0.651889 1 0.092391 0.761124 1;
7223, 0.102062 0.65563 1 0.092391 0.761124 1;
7233, 0.101536 0.662177 1 0.091542 0.760063 1;
7243, 0.100484 0.664983 1 0.091542 0.759001 1;
7253, 0.099958 0.67153 1 0.091542 0.756878 1;
7263, 0.099432 0.674336 1 0.091542 0.756878 1;
7273, 0.09838 0.679948 1 0.091542 0.756878 1;
7283, 0.09838 0.682753 1 0.090693 0.755817 1;
7293, 0.097854 0.688365 1 0.090693 0.754755 1;
7303, 0.097327 0.693977 1 0.089844 0.753694 1;
7313, 0.097327 0.694912 1 0.089844 0.753694 1;
7323, 0.096275 0.701459 1 0.089844 0.752632 1;
7333, 0.096275 0.704265 1 0.089844 0.752632 1;
7343, 0.095749 0.708941 1 0.089844 0.75051 1;
7353, 0.095223 0.710812 1 0.089844 0.749448 1;
7363, 0.094697 0.715488 1 0.089844 0.749448 1;
7373, 0.094697 0.717359 1 0.088995 0.748387 1;
7383, 0.094171 0.722035 1 0.088995 0.747325 1;
7393, 0.093645 0.723906 1 0.088995 0.747325 1;
7403, 0.093119 0.727647 1 0.088995 0.746264 1;
7413, 0.092593 0.731388 1 0.088995 0.746264 1;
7423, 0.092593 0.733259 1 0.088145 0.745202 1;
7433, 0.09154 0.737 1 0.088145 0.745202 1;
7443, 0.09154 0.73887 1 0.088145 0.743079 1;
7453, 0.091014 0.743547 1 0.088145 0.743079 1;
7463, 0.090488 0.745417 1 0.088145 0.742018 1;
7473, 0.090488 0.749158 1 0.087296 0.740956 1;
7483, 0.089962 0.751029 1 0.087296 0.740956 1;
7493, 0.08891 0.75477 1 0.087296 0.739895 1;
7503, 0.088384 0.758511 1 0.087296 0.739895 1;
7513, 0.087858 0.759446 1 0.086447 0.738833 1;
7523, 0.087858 0.760382 1 0.086447 0.738833 1;
7533, 0.087332 0.762252 1 0.086447 0.738833 1;
7543, 0.086806 0.764123 1 0.086447 0.737772 1;
7553, 0.086806 0.765058 1 0.086447 0.737772 1;
7563, 0.086279 0.766929 1 0.085598 0.73671 1;
7573, 0.085753 0.767864 1 0.085598 0.73671 1;
7583, 0.085753 0.767864 1 0.085598 0.73671 1;
7593, 0.085753 0.767864 1 0.085598 0.735649 1;
7603, 0.085753 0.767864 1 0.085598 0.735649 1;
7613, 0.085753 0.767864 1 0.085598 0.735649 1;
7623, 0.084701 0.767864 1 0.085598 0.735649 1;
7633, 0.084701 0.767864 1 0.084749 0.734587 1;
7643, 0.084175 0.766929 1 0.084749 0.734587 1;
7653, 0.084175 0.766929 1 0.084749 0.734587 1;
7663, 0.083649 0.765058 1 0.084749 0.734587 1;
7673, 0.083123 0.765058 1 0.084749 0.734587 1;
7683, 0.082597 0.763187 1 0.083899 0.734587 1;
7693, 0.082071 0.762252 1 0.083899 0.734587 1;
7703, 0.082071 0.762252 1 0.083899 0.734587 1;
7713, 0.081545 0.759446 1 0.083899 0.734587 1;
7723, 0.081019 0.758511 1 0.083899 0.734587 1;
7733, 0.081019 0.755705 1 0.083899 0.734587 1;
7743, 0.080492 0.75477 1 0.083899 0.734587 1;
7753, 0.080492 0.750094 1 0.08305 0.733526 1;
7763, 0.079966 0.748223 1 0.08305 0.733526 1;
7773, 0.079966 0.744482 1 0.08305 0.733526 1;
7783, 0.079966 0.739805 1 0.08305 0.733526 1;
7793, 0.079966 0.737935 1 0.08305 0.733526 1;
7803, 0.079966 0.732323 1 0.082201 0.733526 1;
7813, 0.079966 0.730453 1 0.082201 0.733526 1;
7823, 0.080492 0.725776 1 0.082201 0.733526 1;
7833, 0.080492 0.723906 1 0.082201 0.733526 1;
7843, 0.081019 0.719229 1 0.082201 0.733526 1;
7853, 0.081019 0.717359 1 0.082201 0.733526 1;
7863, 0.081545 0.713618 1 0.082201 0.733526 1;
7873, 0.081545 0.710812 1 0.082201 0.733526 1;
7883, 0.082071 0.707071 1 0.082201 0.733526 1;
7893, 0.082597 0.704265 1 0.082201 0.733526 1;
7903, 0.082597 0.702394 1 0.082201 0.732464 1;
7913, 0.082597 0.699589 1 0.082201 0.732464 1;
7923, 0.082597 0.697718 1 0.082201 0.732464 1;
7933, 0.083123 0.695847 1 0.082201 0.732464 1;
7943, 0.083649 0.693977 1 0.082201 0.731403 1;
7953, 0.083649 0.692106 1 0.082201 0.731403 1;
7963, 0.083649 0.691171 1 0.081352 0.730341 1;
7973, 0.084175 0.6893 1 0.081352 0.730341 1;
7983, 0.084701 0.68743 1 0.081352 0.728218 1;
7993, 0.085227 0.684624 1 0.081352 0.728218 1;
8003, 0.085227 0.682753 1 0.081352 0.727157 1;
8013, 0.085753 0.681818 1 0.081352 0.727157 1;
8023, 0.085753 0.680883 1 0.081352 0.726095 1;
8033, 0.085753 0.680883 1 0.081352 0.726095 1;
8043, 0.086279 0.679948 1 0.081352 0.725034 1;
8053, 0.086806 0.678077 1 0.081352 0.725034 1;
8063, 0.086806 0.678077 1 0.081352 0.722911 1;
8073, 0.086806 0.677142 1 0.082201 0.72185 1;
8083, 0.086806 0.677142 1 0.082201 0.72185 1;
8093, 0.087332 0.676207 1 0.082201 0.720788 1;
8103, 0.087332 0.676207 1 0.082201 0.720788 1;
8113, 0.087858 0.675271 1 0.08305 0.719727 1;
8123, 0.087858 0.675271 1 0.08305 0.719727 1;
8133, 0.087858 0.675271 1 0.08305 0.718665 1;
8143, 0.087858 0.673401 1 0.08305 0.718665 1;
8153, 0.087858 0.673401 1 0.083899 0.717604 1;
8163, 0.087858 0.672465 1 0.084749 0.716542 1;
8173, 0.087858 0.672465 1 0.084749 0.716542 1;
8183, 0.087858 0.670595 1 0.085598 0.716542 1;
8193, 0.087858 0.670595 1 0.085598 0.715481 1;
8203, 0.087858 0.670595 1 0.085598 0.715481 1;
8213, 0.087858 0.66966 1 0.086447 0.714419 1;
8223, 0.087858 0.66966 1 0.086447 0.714419 1;
8233, 0.087858 0.668724 1 0.087296 0.714419 1;
8243, 0.087858 0.668724 1 0.087296 0.714419 1;
8253, 0.087858 0.668724 1 0.088145 0.713358 1;
8263, 0.087332 0.666854 1 0.088145 0.713358 1;
8273, 0.086806 0.665918 1 0.088995 0.712296 1;
8283, 0.086806 0.665918 1 0.089844 0.712296 1;
8293, 0.086806 0.665918 1 0.089844 0.712296 1;
8303, 0.086806 0.664048 1 0.090693 0.712296 1;
8313, 0.086806 0.664048 1 0.091542 0.711235 1;
8323, 0.086806 0.663113 1 0.091542 0.711235 1;
8333, 0.086806 0.663113 1 0.091542 0.711235 1;
8343, 0.086806 0.662177 1 0.092391 0.710173 1;
8353, 0.086806 0.662177 1 0.092391 0.710173 1;
8363, 0.086806 0.662177 1 0.09324 0.709112 1;
8373, 0.086806 0.660307 1 0.09324 0.709112 1;
8383, 0.086806 0.660307 1 0.09409 0.70805 1;
8393, 0.086806 0.659372 1 0.094939 0.70805 1;
8403, 0.086806 0.659372 1 0.095788 0.706989 1;
8413, 0.086806 0.659372 1 0.095788 0.706989 1;
8423, 0.086806 0.658436 1 0.096637 0.705927 1;
8433, 0.086806 0.658436 1 0.097486 0.705927 1;
8443, 0.086806 0.658436 1 0.097486 0.705927 1;
8453, 0.087332 0.657501 1 0.098336 0.704866 1;
8463, 0.087332 0.657501 1 0.099185 0.703804 1;
8473, 0.087858 0.65563 1 0.099185 0.703804 1;
8483, 0.087858 0.65563 1 0.100034 0.703804 1;
8493, 0.087858 0.65563 1 0.100883 0.702743 1;
8503, 0.087858 0.654695 1 0.101732 0.701681 1;
8513, 0.087858 0.654695 1 0.101732 0.701681 1;
8523, 0.087858 0.654695 1 0.102582 0.70062 1;
8533, 0.088384 0.65376 1 0.103431 0.699558 1;
8543, 0.08891 0.651889 1 0.103431 0.699558 1;
8553, 0.08891 0.651889 1 0.10428 0.698497 1;
8563, 0.089436 0.650954 1 0.105129 0.697435 1;
8573, 0.089436 0.650954 1 0.105978 0.696374 1;
8583, 0.089436 0.650954 1 0.106827 0.695313 1;
8593, 0.089962 0.650019 1 0.107677 0.695313 1;
8603, 0.089962 0.650019 1 0.108526 0.694251 1;
8613, 0.090488 0.649083 1 0.108526 0.694251 1;
8623, 0.090488 0.649083 1 0.109375 0.69319 1;
8633, 0.090488 0.649083 1 0.109375 0.69319 1;
8643, 0.090488 0.649083 1 0.110224 0.692128 1;
8653, 0.091014 0.649083 1 0.111073 0.692128 1;
8663, 0.091014 0.649083 1 0.111073 0.692128 1;
8673, 0.092067 0.648148 1 0.111923 0.691067 1;
8683, 0.092067 0.648148 1 0.111923 0.690005 1;
8693, 0.092067 0.648148 1 0.111923 0.690005 1;
8703, 0.092593 0.647213 1 0.112772 0.690005 1;
8713, 0.093119 0.647213 1 0.112772 0.690005 1;
8723, 0.093119 0.647213 1 0.113621 0.688944 1;
8733, 0.094171 0.647213 1 0.113621 0.688944 1;
8743, 0.094171 0.647213 1 0.11447 0.688944 1;
8753, 0.094697 0.646278 1 0.11447 0.688944 1;
8763, 0.094697 0.646278 1 0.115319 0.688944 1;
8773, 0.095749 0.646278 1 0.115319 0.688944 1;
8783, 0.095749 0.646278 1 0.116168 0.687882 1;
8793, 0.095749 0.646278 1 0.116168 0.687882 1;
8803, 0.096275 0.646278 1 0.117018 0.687882 1;
8813, 0.096275 0.646278 1 0.117018 0.687882 1;
8823, 0.096275 0.646278 1 0.117867 0.687882 1;
8833, 0.096275 0.646278 1 0.117867 0.687882 1;
8843, 0.096275 0.646278 1 0.117867 0.687882 1;
8853, 0.096275 0.646278 1 0.117867 0.687882 1;
8863, 0.096275 0.646278 1 0.118716 0.687882 1;
8873, 0.096275 0.646278 1 0.118716 0.687882 1;
8883, 0.096275 0.646278 1 0.118716 0.687882 1;
8893, 0.096275 0.646278 1 0.118716 0.687882 1;
8903, 0.096275 0.646278 1 0.119565 0.686821 1;
8913, 0.097327 0.645342 1 0.119565 0.686821 1;
8923, 0.097327 0.645342 1 0.119565 0.686821 1;
8933, 0.097327 0.645342 1 0.119565 0.686821 1;
8943, 0.097327 0.645342 1 0.119565 0.686821 1;
8953, 0.097327 0.645342 1 0.119565 0.686821 1;
8963, 0.097327 0.645342 1 0.119565 0.686821 1;
8973, 0.097327 0.645342 1 0.119565 0.686821 1;
8983, 0.097327 0.645342 1 0.119565 0.686821 1;
8993, 0.097327 0.645342 1 0.119565 0.686821 1;
9003, 0.097327 0.645342 1 0.119565 0.686821 1;
9013, 0.097327 0.645342 1 0.119565 0.686821 1;
9023, 0.097327 0.645342 1 0.119565 0.686821 1;
9033, 0.097327 0.645342 1 0.119565 0.686821 1;
9043, 0.097327 0.645342 1 0.120414 0.685759 1;
9053, 0.097327 0.645342 1 0.120414 0.685759 1;
9063, 0.097327 0.645342 1 0.120414 0.685759 1;
9073, 0.097327 0.645342 1 0.120414 0.685759 1;
9083, 0.097327 0.645342 1 0.120414 0.685759 1;
9093, 0.097327 0.645342 1 0.120414 0.685759 1;
9103, 0.097327 0.645342 1 0.120414 0.685759 1;
9113, 0.097327 0.645342 1 0.120414 0.685759 1;
9123, 0.097327 0.645342 1 0.120414 0.685759 1;
9133, 0.097327 0.645342 1 0.120414 0.685759 1;
9143, 0.097327 0.645342 1 0.120414 0.685759 1;
9153, 0.097327 0.645342 1 0.120414 0.685759 1;
9163, 0.097327 0.645342 1 0.120414 0.685759 1;
9173, 0.097327 0.645342 1 0.120414 0.685759 1;
9183, 0.097327 0.645342 1 0.120414 0.685759 1;
9193, 0.097327 0.645342 1 0.120414 0.685759 1;
9203, 0.097327 0.645342 1 0.120414 0.685759 1;
9213, 0.097327 0.645342 1 0.120414 0.685759 1;
9223, 0.097327 0.645342 1 0.120414 0.685759 1;
9233, 0.097327 0.645342 1 0.120414 0.685759 1;
9243, 0.097327 0.645342 1 0.120414 0.685759 1;
9253, 0.097327 0.645342 1 0.120414 0.685759 1;
9263, 0.097327 0.645342 1 0.120414 0.685759 1;
9273, 0.097327 0.645342 1 0.120414 0.685759 1;
9283, 0.097327 0.645342 1 0.120414 0.685759 1;
9293, 0.097327 0.645342 1 0.120414 0.685759 1;
9303, 0.097327 0.645342 1 0.120414 0.685759 1;
9313, 0.097327 0.645342 1 0.120414 0.685759 1;
9323, 0.097327 0.645342 1 0.120414 0.685759 1;
9333, 0.097327 0.645342 1 0.120414 0.685759 1;
9343, 0.097327 0.645342 1 0.120414 0.685759 1;
9353, 0.097327 0.645342 1 0.120414 0.685759 1;
9363, 0.097327 0.645342 1 0.120414 0.685759 1;
9373, 0.097327 0.645342 1 0.120414 0.685759 1;
9383, 0.097327 0.645342 1 0.119565 0.685759 1;
9393, 0.097327 0.645342 1 0.119565 0.685759 1;
9403, 0.097327 0.645342 1 0.119565 0.685759 1;
9413, 0.097327 0.645342 1 0.119565 0.685759 1;
9423, 0.097327 0.645342 1 0.119565 0.685759 1;
9433, 0.097327 0.645342 1 0.119565 0.685759 1;
9443, 0.097327 0.645342 1 0.119565 0.685759 1;
9453, 0.097327 0.645342 1 0.119565 0.685759 1;
9463, 0.097327 0.645342 1 0.119565 0.685759 1;
9473, 0.097327 0.645342 1 0.119565 0.685759 1;
9483, 0.097327 0.645342 1 0.119565 0.685759 1;
9493, 0.097327 0.645342 1 0.119565 0.685759 1;
9503, 0.097327 0.645342 1 0.119565 0.685759 1;
9513, 0.097327 0.645342 1 0.119565 0.684698 1;
9523, 0.097327 0.645342 1 0.119565 0.684698 1;
9533, 0.097327 0.645342 1 0.119565 0.684698 1;
9543, 0.097327 0.645342 1 0.119565 0.684698 1;
9553, 0.097327 0.645342 1 0.119565 0.684698 1;
9563, 0.097327 0.645342 1 0.119565 0.684698 1;
9573, 0.097327 0.645342 1 0.119565 0.684698 1;
9583, 0.097327 0.645342 1 0.119565 0.684698 1;
9593, 0.097327 0.645342 1 0.119565 0.684698 1;
9603, 0.097327 0.645342 1 0.119565 0.684698 1;
9613, 0.097327 0.645342 1 0.119565 0.684698 1;
9623, 0.097327 0.645342 1 0.119565 0.684698 1;
9633, 0.097327 0.645342 1 0.119565 0.684698 1;
9643, 0.097327 0.645342 1 0.119565 0.684698 1;
9653, 0.097327 0.645342 1 0.119565 0.684698 1;
9663, 0.097327 0.645342 1 0.119565 0.684698 1;
9673, 0.097327 0.645342 1 0.119565 0.684698 1;
9683, 0.097327 0.645342 1 0.119565 0.684698 1;
9693, 0.097327 0.645342 1 0.119565 0.684698 1;
9703, 0.097327 0.645342 1 0.119565 0.684698 1;
9713, 0.097327 0.645342 1 0.119565 0.684698 1;
9723, 0.097327 0.645342 1 0.119565 0.684698 1;
9733, 0.097327 0.645342 1 0.119565 0.684698 1;
9743, 0.097327 0.645342 1 0.119565 0.684698 1;
9753, 0.097327 0.645342 1 0.119565 0.684698 1;
9763, 0.097327 0.645342 1 0.119565 0.684698 1;
9773, 0.097327 0.645342 1 0.119565 0.684698 1;
9783, 0.097327 0.645342 1 0.119565 0.684698 1;
9793, 0.097327 0.645342 1 0.119565 0.684698 1;
9803, 0.097327 0.645342 1 0.119565 0.684698 1;
9813, 0.097327 0.645342 1 0.119565 0.684698 1;
9823, 0.097327 0.645342 1 0.119565 0.684698 1;
9833, 0.097327 0.645342 1 0.119565 0.684698 1;
9843, 0.097327 0.645342 1 0.119565 0.684698 1;
9853, 0.097327 0.645342 1 0.119565 0.684698 1;
9863, 0.097327 0.645342 1 0.119565 0.684698 1;
9873, 0.097327 0.645342 1 0.119565 0.684698 1;
9883, 0.097327 0.645342 1 0.119565 0.684698 1;
9893, 0.097327 0.645342 1 0.119565 0.684698 1;
9903, 0.097327 0.645342 1 0.119565 0.684698 1;
9913, 0.097327 0.645342 1 0.119565 0.684698 1;
9923, 0. 0. 0 0.119565 0.684698 1;
9933, 0. 0. 0 0.119565 0.684698 1;
9943, 0. 0. 0 0. 0. 0;
9953, 0. 0. 0 0. 0. 0;
9963, 0. 0. 0 0. 0. 0;
9973, 0. 0. 0 0. 0. 0;
9983, 0. 0. 0 0. 0. 0;
9993, 0. 0. 0 0. 0. 0;
10003, 0. 0. 0 0. 0. 0;
10013, 0. 0. 0 0. 0. 0;
10023, 0. 0. 0 0. 0. 0;
10033, 0. 0. 0 0. 0. 0;
10043, 0. 0. 0 0. 0. 0;
10053, 0. 0. 0 0. 0. 0;
10063, 0. 0. 0 0. 0. 0;
10073, 0. 0. 0 0. 0. 0;
10083, 0. 0. 0 0. 0. 0;
10093, 0. 0. 0 0. 0. 0;
10103, 0. 0. 0 0. 0. 0;
10113, 0. 0. 0 0. 0. 0;
10123, 0. 0. 0 0. 0. 0;
10133, 0. 0. 0 0. 0. 0;
10143, 0. 0. 0 0. 0. 0;
10153, 0. 0. 0 0. 0. 0;
10163, 0. 0. 0 0. 0. 0;
10173, 0. 0. 0 0.115319 0.687882 1;
10183, 0. 0. 0 0.115319 0.687882 1;
10193, 0. 0. 0 0.115319 0.687882 1;
10203, 0. 0. 0 0.116168 0.683636 1;
10213, 0. 0. 0 0.116168 0.681513 1;
10223, 0. 0. 0 0.116168 0.681513 1;
10233, 0. 0. 0 0.115319 0.67939 1;
10243, 0. 0. 0 0.115319 0.678329 1;
10253, 0.084701 0.676207 1 0.115319 0.678329 1;
10263, 0.084701 0.676207 1 0.115319 0.676206 1;
10273, 0.084701 0.676207 1 0.115319 0.676206 1;
10283, 0.084701 0.676207 1 0.115319 0.676206 1;
10293, 0.084701 0.676207 1 0.11447 0.675144 1;
10303, 0.084701 0.676207 1 0.11447 0.675144 1;
10313, 0.084701 0.676207 1 0.11447 0.675144 1;
10323, 0.084701 0.676207 1 0.11447 0.675144 1;
10333, 0.084701 0.676207 1 0.11447 0.675144 1;
10343, 0.084701 0.676207 1 0.11447 0.675144 1;
10353, 0.084701 0.676207 1 0.11447 0.675144 1;
10363, 0.084701 0.676207 1 0.11447 0.674083 1;
10373, 0.084701 0.676207 1 0.11447 0.674083 1;
10383, 0.084701 0.676207 1 0.11447 0.674083 1;
10393, 0.084701 0.676207 1 0.11447 0.674083 1;
10403, 0.084701 0.676207 1 0.11447 0.674083 1;
10413, 0.084701 0.676207 1 0.11447 0.674083 1;
10423, 0.084701 0.676207 1 0.11447 0.674083 1;
10433, 0.084701 0.676207 1 0.11447 0.674083 1;
10443, 0.084701 0.676207 1 0.11447 0.674083 1;
10453, 0.084701 0.676207 1 0.11447 0.674083 1;
10463, 0.084701 0.676207 1 0.11447 0.674083 1;
10473, 0.084701 0.676207 1 0.11447 0.674083 1;
10483, 0.084701 0.676207 1 0.11447 0.674083 1;
10493, 0.084701 0.676207 1 0.11447 0.674083 1;
10503, 0.084701 0.676207 1 0.11447 0.674083 1;
10513, 0.084701 0.676207 1 0.11447 0.674083 1;
10523, 0.084701 0.676207 1 0.11447 0.674083 1;
10533, 0.084701 0.676207 1 0.11447 0.674083 1;
10543, 0.084701 0.676207 1 0.11447 0.674083 1;
10553, 0.084701 0.676207 1 0.11447 0.674083 1;
10563, 0.084701 0.676207 1 0.11447 0.674083 1;
10573, 0.084701 0.676207 1 0.11447 0.674083 1;
10583, 0.084701 0.676207 1 0.11447 0.674083 1;
10593, 0.084701 0.676207 1 0.11447 0.674083 1;
10603, 0.084701 0.676207 1 0.11447 0.674083 1;
10613, 0.084701 0.676207 1 0.11447 0.674083 1;
10623, 0.084701 0.676207 1 0.11447 0.674083 1;
10633, 0.084701 0.676207 1 0.11447 0.674083 1;
10643, 0.084701 0.676207 1 0.11447 0.674083 1;
10653, 0.084701 0.676207 1 0.11447 0.674083 1;
10663, 0.084701 0.676207 1 0.11447 0.674083 1;
10673, 0.084701 0.676207 1 0.11447 0.674083 1;
10683, 0.084701 0.676207 1 0.11447 0.674083 1;
10693, 0.084701 0.676207 1 0.11447 0.674083 1;
10703, 0.084701 0.676207 1 0.11447 0.674083 1;
10713, 0.084701 0.676207 1 0.11447 0.674083 1;
10723, 0.084701 0.676207 1 0.11447 0.674083 1;
10733, 0.084701 0.676207 1 0.11447 0.674083 1;
10743, 0.084701 0.676207 1 0.11447 0.674083 1;
10753, 0.084701 0.676207 1 0.11447 0.674083 1;
10763, 0.084701 0.676207 1 0.11447 0.674083 1;
10773, 0.084701 0.676207 1 0.11447 0.674083 1;
10783, 0.084701 0.676207 1 0.11447 0.674083 1;
10793, 0.084701 0.676207 1 0.11447 0.674083 1;
10803, 0.084701 0.676207 1 0.11447 0.674083 1;
10813, 0.084701 0.676207 1 0.11447 0.674083 1;
10823, 0.084701 0.676207 1 0.11447 0.674083 1;
10833, 0.084701 0.676207 1 0.11447 0.674083 1;
10843, 0.084701 0.676207 1 0.11447 0.674083 1;
10853, 0.084701 0.676207 1 0.11447 0.674083 1;
10863, 0.084701 0.676207 1 0.11447 0.674083 1;
10873, 0.084701 0.676207 1 0.11447 0.674083 1;
10883, 0.084701 0.676207 1 0.11447 0.674083 1;
10893, 0.084701 0.676207 1 0.11447 0.674083 1;
10903, 0.084701 0.676207 1 0.11447 0.674083 1;
10913, 0.084701 0.676207 1 0.11447 0.674083 1;
10923, 0.084701 0.676207 1 0.11447 0.674083 1;
10933, 0.084701 0.676207 1 0.11447 0.674083 1;
10943, 0.084701 0.676207 1 0.11447 0.674083 1;
10953, 0.084701 0.676207 1 0.11447 0.674083 1;
10963, 0.084701 0.676207 1 0.11447 0.674083 1;
10973, 0.084701 0.676207 1 0.11447 0.674083 1;
10983, 0.084701 0.676207 1 0.11447 0.674083 1;
10993, 0.084701 0.676207 1 0.11447 0.674083 1;
11003, 0.084701 0.676207 1 0.11447 0.674083 1;
11013, 0.084701 0.676207 1 0.11447 0.674083 1;
11023, 0.084701 0.676207 1 0.11447 0.674083 1;
11033, 0.084701 0.676207 1 0.11447 0.674083 1;
11043, 0.084701 0.676207 1 0.11447 0.674083 1;
11053, 0.084701 0.676207 1 0.11447 0.674083 1;
11063, 0.084701 0.676207 1 0.11447 0.674083 1;
11073, 0.084701 0.676207 1 0.11447 0.674083 1;
11083, 0.084701 0.676207 1 0.11447 0.674083 1;
11093, 0.084701 0.676207 1 0.11447 0.674083 1;
11103, 0.084701 0.676207 1 0.11447 0.674083 1;
11113, 0.084701 0.676207 1 0.11447 0.674083 1;
11123, 0.084701 0.676207 1 0.11447 0.674083 1;
11133, 0.084701 0.676207 1 0.11447 0.674083 1;
11143, 0.084701 0.676207 1 0.11447 0.674083 1;
11153, 0.084701 0.676207 1 0.11447 0.674083 1;
11163, 0.084701 0.676207 1 0.11447 0.674083 1;
11173, 0.084701 0.676207 1 0.11447 0.674083 1;
11183, 0.084701 0.676207 1 0.11447 0.674083 1;
11193, 0.084701 0.676207 1 0.11447 0.674083 1;
11203, 0.084701 0.676207 1 0.11447 0.674083 1;
11213, 0.084701 0.676207 1 0.11447 0.674083 1;
11223, 0.084701 0.676207 1 0.11447 0.674083 1;
11233, 0.084701 0.676207 1 0.11447 0.674083 1;
11243, 0.084701 0.676207 1 0.11447 0.674083 1;
11253, 0.084701 0.676207 1 0.11447 0.674083 1;
11263, 0.084701 0.676207 1 0.11447 0.674083 1;
11273, 0.084701 0.676207 1 0.11447 0.674083 1;
11283, 0.084701 0.676207 1 0.11447 0.674083 1;
11293, 0.084701 0.676207 1 0.11447 0.674083 1;
11303, 0.084701 0.676207 1 0.11447 0.674083 1;
11313, 0.084701 0.676207 1 0.11447 0.674083 1;
11323, 0.084701 0.676207 1 0.11447 0.674083 1;
11333, 0.084701 0.676207 1 0.11447 0.674083 1;
11343, 0.084701 0.676207 1 0.11447 0.674083 1;
11353, 0.084701 0.676207 1 0.11447 0.674083 1;
11363, 0.084701 0.676207 1 0.11447 0.674083 1;
11373, 0.084701 0.676207 1 0.11447 0.674083 1;
11383, 0.084701 0.676207 1 0.11447 0.674083 1;
11393, 0.084701 0.676207 1 0.11447 0.674083 1;
11403, 0.084701 0.676207 1 0.11447 0.674083 1;
11413, 0.084701 0.676207 1 0.11447 0.674083 1;
11423, 0.084701 0.676207 1 0.11447 0.674083 1;
11433, 0.084701 0.676207 1 0.11447 0.674083 1;
11443, 0.084701 0.676207 1 0.11447 0.674083 1;
11453, 0.084701 0.676207 1 0.11447 0.674083 1;
11463, 0.084701 0.676207 1 0.11447 0.674083 1;
11473, 0.084701 0.676207 1 0.11447 0.674083 1;
11483, 0.084701 0.676207 1 0.11447 0.674083 1;
11493, 0.084701 0.676207 1 0.11447 0.674083 1;
11503, 0.084701 0.676207 1 0.11447 0.674083 1;
11513, 0.084701 0.676207 1 0.11447 0.674083 1;
11523, 0.084701 0.676207 1 0.11447 0.674083 1;
11533, 0.084701 0.676207 1 0.113621 0.673021 1;
11543, 0.084701 0.676207 1 0.113621 0.673021 1;
11553, 0.084701 0.676207 1 0.113621 0.673021 1;
11563, 0.084701 0.676207 1 0.113621 0.673021 1;
11573, 0.084701 0.676207 1 0.113621 0.673021 1;
11583, 0.084701 0.676207 1 0.113621 0.673021 1;
11593, 0.084701 0.676207 1 0.113621 0.673021 1;
11603, 0.084701 0.676207 1 0.113621 0.673021 1;
11613, 0.084701 0.676207 1 0.113621 0.673021 1;
11623, 0.084701 0.676207 1 0.113621 0.673021 1;
11633, 0.084701 0.676207 1 0.113621 0.673021 1;
11643, 0.084701 0.676207 1 0.113621 0.673021 1;
11653, 0.084701 0.676207 1 0.113621 0.673021 1;
11663, 0.084701 0.676207 1 0.113621 0.673021 1;
11673, 0.084701 0.676207 1 0.113621 0.673021 1;
11683, 0.084701 0.676207 1 0.113621 0.673021 1;
11693, 0.084701 0.676207 1 0.113621 0.673021 1;
11703, 0.084701 0.676207 1 0.113621 0.673021 1;
11713, 0.084701 0.676207 1 0.113621 0.673021 1;
11723, 0.084701 0.676207 1 0.113621 0.673021 1;
11733, 0.084701 0.676207 1 0.113621 0.673021 1;
11743, 0.084701 0.676207 1 0.113621 0.673021 1;
11753, 0.084701 0.676207 1 0.113621 0.673021 1;
11763, 0.084701 0.676207 1 0.113621 0.673021 1;
11773, 0.084701 0.676207 1 0.113621 0.673021 1;
11783, 0.084701 0.676207 1 0.113621 0.673021 1;
11793, 0.084701 0.676207 1 0.113621 0.673021 1;
11803, 0.084701 0.676207 1 0.113621 0.673021 1;
11813, 0.084701 0.676207 1 0.113621 0.673021 1;
11823, 0.084701 0.676207 1 0.113621 0.673021 1;
11833, 0.084701 0.676207 1 0.113621 0.673021 1;
11843, 0.084701 0.676207 1 0.113621 0.67196 1;
11853, 0.084701 0.676207 1 0.113621 0.67196 1;
11863, 0.084701 0.676207 1 0.113621 0.67196 1;
11873, 0.084701 0.676207 1 0.113621 0.67196 1;
11883, 0.084701 0.676207 1 0.113621 0.67196 1;
11893, 0.084701 0.676207 1 0.113621 0.67196 1;
11903, 0.084701 0.676207 1 0.113621 0.67196 1;
11913, 0.084701 0.676207 1 0.113621 0.670898 1;
11923, 0.084701 0.676207 1 0.113621 0.670898 1;
11933, 0.084701 0.676207 1 0.113621 0.670898 1;
11943, 0.084701 0.676207 1 0.113621 0.670898 1;
11953, 0.084701 0.676207 1 0.113621 0.670898 1;
11963, 0.084175 0.673401 1 0.113621 0.669837 1;
11973, 0.084175 0.673401 1 0.113621 0.669837 1;
11983, 0.084175 0.673401 1 0.113621 0.669837 1;
11993, 0.084175 0.67153 1 0.113621 0.669837 1;
12003, 0.084175 0.67153 1 0.113621 0.669837 1;
12013, 0.084175 0.67153 1 0.113621 0.669837 1;
12023, 0.083649 0.670595 1 0.112772 0.668775 1;
12033, 0.083649 0.670595 1 0.112772 0.668775 1;
12043, 0.083649 0.670595 1 0.112772 0.668775 1;
12053, 0.083649 0.670595 1 0.112772 0.668775 1;
12063, 0.083649 0.670595 1 0.112772 0.668775 1;
12073, 0.083649 0.670595 1 0.112772 0.668775 1;
12083, 0.083649 0.670595 1 0.112772 0.668775 1;
12093, 0.083649 0.670595 1 0.112772 0.668775 1;
12103, 0.083649 0.670595 1 0.112772 0.668775 1;
12113, 0.083649 0.66966 1 0.112772 0.668775 1;
12123, 0.083649 0.66966 1 0.112772 0.668775 1;
12133, 0.083649 0.66966 1 0.112772 0.668775 1;
12143, 0.083649 0.66966 1 0.112772 0.668775 1;
12153, 0.083649 0.66966 1 0.112772 0.668775 1;
12163, 0.083649 0.66966 1 0.112772 0.668775 1;
12173, 0.083649 0.66966 1 0.112772 0.667714 1;
12183, 0.083649 0.66966 1 0.112772 0.667714 1;
12193, 0.083649 0.66966 1 0.112772 0.667714 1;
12203, 0.083649 0.66966 1 0.112772 0.667714 1;
12213, 0.083649 0.66966 1 0.112772 0.667714 1;
12223, 0.083649 0.66966 1 0.112772 0.667714 1;
12233, 0.083649 0.66966 1 0.112772 0.667714 1;
12243, 0.083649 0.66966 1 0.112772 0.667714 1;
12253, 0.083649 0.66966 1 0.112772 0.666653 1;
12263, 0.083649 0.66966 1 0.112772 0.666653 1;
12273, 0.083649 0.66966 1 0.112772 0.666653 1;
12283, 0.083649 0.66966 1 0.112772 0.666653 1;
12293, 0.083649 0.66966 1 0.112772 0.666653 1;
12303, 0.083649 0.66966 1 0.112772 0.666653 1;
12313, 0.083649 0.66966 1 0.112772 0.665591 1;
12323, 0.083649 0.667789 1 0.112772 0.665591 1;
12333, 0.083649 0.667789 1 0.112772 0.665591 1;
12343, 0.083649 0.667789 1 0.112772 0.665591 1;
12353, 0.083649 0.667789 1 0.111923 0.663468 1;
12363, 0.083649 0.667789 1 0.111923 0.663468 1;
12373, 0.083649 0.666854 1 0.111923 0.663468 1;
12383, 0.083123 0.664983 1 0.111923 0.662407 1;
12393, 0.083123 0.664048 1 0.111923 0.662407 1;
12403, 0.083123 0.664048 1 0.111923 0.661345 1;
12413, 0.082597 0.661242 1 0.111923 0.661345 1;
12423, 0.082597 0.659372 1 0.111073 0.660284 1;
12433, 0.082597 0.658436 1 0.111073 0.658161 1;
12443, 0.082597 0.654695 1 0.111073 0.657099 1;
12453, 0.082597 0.652825 1 0.111073 0.656038 1;
12463, 0.082071 0.650019 1 0.111073 0.654976 1;
12473, 0.082071 0.646278 1 0.111073 0.654976 1;
12483, 0.081545 0.639731 1 0.111073 0.652853 1;
12493, 0.081019 0.636925 1 0.110224 0.651792 1;
12503, 0.081019 0.632248 1 0.110224 0.651792 1;
12513, 0.080492 0.630378 1 0.110224 0.65073 1;
12523, 0.079966 0.625701 1 0.110224 0.65073 1;
12533, 0.079966 0.621025 1 0.110224 0.649669 1;
12543, 0.079966 0.619155 1 0.110224 0.649669 1;
12553, 0.07944 0.614478 1 0.110224 0.649669 1;
12563, 0.07944 0.612608 1 0.110224 0.648607 1;
12573, 0.078914 0.607931 1 0.110224 0.648607 1;
12583, 0.078388 0.603255 1 0.110224 0.648607 1;
12593, 0.078388 0.601384 1 0.110224 0.648607 1;
12603, 0.077862 0.596708 1 0.110224 0.648607 1;
12613, 0.077862 0.594837 1 0.110224 0.648607 1;
12623, 0.077336 0.590161 1 0.110224 0.648607 1;
12633, 0.077336 0.587355 1 0.110224 0.648607 1;
12643, 0.077336 0.582679 1 0.110224 0.648607 1;
12653, 0.07681 0.578002 1 0.110224 0.648607 1;
12663, 0.076284 0.576132 1 0.110224 0.648607 1;
12673, 0.076284 0.571455 1 0.110224 0.648607 1;
12683, 0.075758 0.568649 1 0.110224 0.648607 1;
12693, 0.075231 0.563973 1 0.110224 0.648607 1;
12703, 0.075231 0.563038 1 0.110224 0.648607 1;
12713, 0.074705 0.558361 1 0.110224 0.648607 1;
12723, 0.074705 0.556491 1 0.110224 0.648607 1;
12733, 0.074179 0.55275 1 0.110224 0.648607 1;
12743, 0.074179 0.549944 1 0.110224 0.648607 1;
12753, 0.074179 0.548073 1 0.110224 0.648607 1;
12763, 0.073653 0.546203 1 0.110224 0.648607 1;
12773, 0.073653 0.545268 1 0.111073 0.647546 1;
12783, 0.073653 0.543397 1 0.111073 0.647546 1;
12793, 0.073653 0.542462 1 0.111073 0.647546 1;
12803, 0.073653 0.542462 1 0.111073 0.647546 1;
12813, 0.073653 0.542462 1 0.111073 0.647546 1;
12823, 0.073653 0.541526 1 0.111073 0.647546 1;
12833, 0.073653 0.541526 1 0.111073 0.647546 1;
12843, 0.073653 0.541526 1 0.111073 0.647546 1;
12853, 0.073653 0.541526 1 0.111073 0.647546 1;
12863, 0.073653 0.541526 1 0.111073 0.647546 1;
12873, 0.073653 0.541526 1 0.111073 0.647546 1;
12883, 0.073653 0.541526 1 0.111073 0.647546 1;
12893, 0.074179 0.539656 1 0.111073 0.647546 1;
12903, 0.074179 0.539656 1 0.111073 0.647546 1;
12913, 0.074179 0.539656 1 0.111073 0.646484 1;
12923, 0.074179 0.539656 1 0.111073 0.646484 1;
12933, 0.074179 0.539656 1 0.110224 0.645423 1;
12943, 0.074179 0.539656 1 0.110224 0.645423 1;
12953, 0.074179 0.539656 1 0.110224 0.6433 1;
12963, 0.073653 0.538721 1 0.110224 0.6433 1;
12973, 0.073653 0.537785 1 0.110224 0.6433 1;
12983, 0.073127 0.535915 1 0.110224 0.6433 1;
12993, 0.072601 0.534979 1 0.110224 0.6433 1;
13003, 0.072601 0.532174 1 0.110224 0.642238 1;
13013, 0.072075 0.530303 1 0.110224 0.642238 1;
13023, 0.071549 0.526562 1 0.110224 0.642238 1;
13033, 0.071023 0.521886 1 0.110224 0.642238 1;
13043, 0.071023 0.520015 1 0.110224 0.642238 1;
13053, 0.071023 0.518144 1 0.110224 0.642238 1;
13063, 0.070497 0.511597 1 0.110224 0.642238 1;
13073, 0.069971 0.506921 1 0.110224 0.642238 1;
13083, 0.069444 0.505051 1 0.110224 0.642238 1;
13093, 0.068918 0.500374 1 0.110224 0.642238 1;
13103, 0.068918 0.498504 1 0.110224 0.642238 1;
13113, 0.068392 0.494762 1 0.110224 0.642238 1;
13123, 0.068392 0.491957 1 0.110224 0.642238 1;
13133, 0.067866 0.488215 1 0.110224 0.642238 1;
13143, 0.067866 0.486345 1 0.110224 0.642238 1;
13153, 0.06734 0.481669 1 0.110224 0.642238 1;
13163, 0.066814 0.478863 1 0.110224 0.642238 1;
13173, 0.066814 0.473251 1 0.110224 0.641177 1;
13183, 0.066814 0.470445 1 0.110224 0.641177 1;
13193, 0.066288 0.463898 1 0.110224 0.641177 1;
13203, 0.065762 0.460157 1 0.110224 0.641177 1;
13213, 0.065236 0.452675 1 0.110224 0.641177 1;
13223, 0.065236 0.448934 1 0.110224 0.641177 1;
13233, 0.06471 0.442387 1 0.110224 0.641177 1;
13243, 0.064184 0.438646 1 0.110224 0.641177 1;
13253, 0.063657 0.433034 1 0.110224 0.641177 1;
13263, 0.063657 0.432099 1 0.110224 0.641177 1;
13273, 0.063131 0.427422 1 0.110224 0.641177 1;
13283, 0.063131 0.425552 1 0.110224 0.641177 1;
13293, 0.062605 0.422746 1 0.110224 0.641177 1;
13303, 0.062605 0.420875 1 0.110224 0.641177 1;
13313, 0.062605 0.41994 1 0.109375 0.641177 1;
13323, 0.062605 0.41807 1 0.108526 0.640115 1;
13333, 0.062605 0.41807 1 0.107677 0.639054 1;
13343, 0.063131 0.417134 1 0.10428 0.636931 1;
13353, 0.063131 0.417134 1 0.103431 0.63587 1;
13363, 0.063131 0.415264 1 0.102582 0.634808 1;
13373, 0.063131 0.415264 1 0.102582 0.634808 1;
13383, 0.063131 0.414328 1 0.102582 0.634808 1;
13393, 0.063131 0.414328 1 0. 0. 0;
13403, 0.063657 0.413393 1 0. 0. 0;
13413, 0.063657 0.409652 1 0. 0. 0;
13423, 0.064184 0.408717 1 0. 0. 0;
13433, 0.064184 0.406846 1 0. 0. 0;
13443, 0.065236 0.400299 1 0. 0. 0;
13453, 0.065762 0.392817 1 0. 0. 0;
13463, 0.066288 0.387205 1 0. 0. 0;
13473, 0.06734 0.375047 1 0. 0. 0;
13483, 0.067866 0.367565 1 0. 0. 0;
13493, 0.068918 0.35073 1 0. 0. 0;
13503, 0.068918 0.35073 1 0. 0. 0;
13513, 0.068918 0.35073 1 0. 0. 0;
13523, 0.068918 0.35073 1 0. 0. 0;
13533, 0. 0. 0 0. 0. 0;
13543, 0. 0. 0 0. 0. 0;
13553, 0. 0. 0 0. 0. 0;
13563, 0. 0. 0 0. 0. 0;
13573, 0. 0. 0 0. 0. 0;
13583, 0. 0. 0 0. 0. 0;
13593, 0. 0. 0 0. 0. 0;
13603, 0. 0. 0 0. 0. 0;
13613, 0. 0. 0 0. 0. 0;
13623, 0. 0. 0 0. 0. 0;
13633, 0. 0. 0 0. 0. 0;
13643, 0. 0. 0 0. 0. 0;
13653, 0. 0. 0 0. 0. 0;
13663, 0. 0. 0 0. 0. 0;
13673, 0. 0. 0 0. 0. 0;
13683, 0. 0. 0 0. 0. 0;
13693, 0. 0. 0 0. 0. 0;
13703, 0. 0. 0 0. 0. 0;
13713, 0. 0. 0 0. 0. 0;
13723, 0. 0. 0 0. 0. 0;
13733, 0. 0. 0 0. 0. 0;
13743, 0. 0. 0 0. 0. 0;
13753, 0. 0. 0 0. 0. 0;
13763, 0. 0. 0 0. 0. 0;
13773, 0. 0. 0 0. 0. 0;
13783, 0. 0. 0 0. 0. 0;
13793, 0. 0. 0 0. 0. 0;
13803, 0. 0. 0 0. 0. 0;
13813, 0. 0. 0 0. 0. 0;
13823, 0. 0. 0 0. 0. 0;
13833, 0. 0. 0 0. 0. 0;
13843, 0. 0. 0 0. 0. 0;
13853, 0. 0. 0 0. 0. 0;
13863, 0. 0. 0 0. 0. 0;
13873, 0. 0. 0 0. 0. 0;
13883, 0. 0. 0 0. 0. 0;
13893, 0. 0. 0 0. 0. 0;
13903, 0. 0. 0 0. 0. 0;
13913, 0. 0. 0 0. 0. 0;
13923, 0. 0. 0 0. 0. 0;
13933, 0. 0. 0 0. 0. 0;
13943, 0. 0. 0 0. 0. 0;
13953, 0. 0. 0 0. 0. 0;
13963, 0. 0. 0 0. 0. 0;
13973, 0. 0. 0 0. 0. 0;
13983, 0. 0. 0 0. 0. 0;
13993, 0. 0. 0 0. 0. 0;
14003, 0. 0. 0 0. 0. 0;
14013, 0. 0. 0 0. 0. 0;
14023, 0. 0. 0 0. 0. 0;
14033, 0. 0. 0 0. 0. 0;
14043, 0. 0. 0 0. 0. 0;
14053, 0. 0. 0 0. 0. 0;
14063, 0. 0. 0 0. 0. 0;
14073, 0. 0. 0 0. 0. 0;
14083, 0. 0. 0 0. 0. 0;
14093, 0. 0. 0 0. 0. 0;
14103, 0. 0. 0 0. 0. 0;
14113, 0. 0. 0 0. 0. 0;
14123, 0. 0. 0 0. 0. 0;
14133, 0. 0. 0 0. 0. 0;
14143, 0. 0. 0 0. 0. 0;
14153, 0. 0. 0 0. 0. 0;
14163, 0. 0. 0 0. 0. 0;
14173, 0. 0. 0 0. 0. 0;
14183, 0. 0. 0 0. 0. 0;
14193, 0. 0. 0 0. 0. 0;
14203, 0. 0. 0 0. 0. 0;
14213, 0. 0. 0 0. 0. 0;
14223, 0. 0. 0 0. 0. 0;
14233, 0. 0. 0 0. 0. 0;
14243, 0. 0. 0 0. 0. 0;
14253, 0. 0. 0 0. 0. 0;
14263, 0. 0. 0 0. 0. 0;
14273, 0. 0. 0 0. 0. 0;
14283, 0. 0. 0 0. 0. 0;
14293, 0. 0. 0 0. 0. 0;
14303, 0. 0. 0 0. 0. 0;
14313, 0. 0. 0 0. 0. 0;
14323, 0. 0. 0 0. 0. 0;
14333, 0. 0. 0 0. 0. 0;
14343, 0. 0. 0 0. 0. 0;
14353, 0. 0. 0 0. 0. 0;
14363, 0. 0. 0 0. 0. 0;
14373, 0. 0. 0 0. 0. 0;
14383, 0. 0. 0 0. 0. 0;
14393, 0. 0. 0 0. 0. 0;
14403, 0. 0. 0 0. 0. 0;
14413, 0. 0. 0 0. 0. 0;
14423, 0. 0. 0 0. 0. 0;
14433, 0. 0. 0 0. 0. 0;
14443, 0. 0. 0 0. 0. 0;
14453, 0. 0. 0 0. 0. 0;
14463, 0. 0. 0 0. 0. 0;
14473, 0. 0. 0 0. 0. 0;
14483, 0. 0. 0 0. 0. 0;
14493, 0. 0. 0 0. 0. 0;
14503, 0. 0. 0 0. 0. 0;
14513, 0. 0. 0 0. 0. 0;
14523, 0. 0. 0 0. 0. 0;
14533, 0. 0. 0 0. 0. 0;
14543, 0. 0. 0 0. 0. 0;
14553, 0. 0. 0 0. 0. 0;
14563, 0. 0. 0 0. 0. 0;
14573, 0. 0. 0 0. 0. 0;
14583, 0. 0. 0 0. 0. 0;
14593, 0. 0. 0 0. 0. 0;
14603, 0. 0. 0 0. 0. 0;
14613, 0. 0. 0 0. 0. 0;
14623, 0. 0. 0 0. 0. 0;
14633, 0. 0. 0 0. 0. 0;
14643, 0. 0. 0 0. 0. 0;
14653, 0. 0. 0 0. 0. 0;
14663, 0. 0. 0 0. 0. 0;
14673, 0. 0. 0 0. 0. 0;
14683, 0. 0. 0 0. 0. 0;
14693, 0. 0. 0 0. 0. 0;
14703, 0. 0. 0 0. 0. 0;
14713, 0. 0. 0 0. 0. 0;
14723, 0. 0. 0 0. 0. 0;
14733, 0. 0. 0 0. 0. 0;
14743, 0. 0. 0 0. 0. 0;
14753, 0. 0. 0 0. 0. 0;
14763, 0. 0. 0 0. 0. 0;
14773, 0. 0. 0 0. 0. 0;
14783, 0. 0. 0 0. 0. 0;
14793, 0. 0. 0 0. 0. 0;
14803, 0. 0. 0 0. 0. 0;
14813, 0. 0. 0 0. 0. 0;
14823, 0. 0. 0 0. 0. 0;
14833, 0. 0. 0 0. 0. 0;
14843, 0. 0. 0 0. 0. 0;
14853, 0. 0. 0 0. 0. 0;
14863, 0. 0. 0 0. 0. 0;
14873, 0. 0. 0 0. 0. 0;
14883, 0. 0. 0 0. 0. 0;
14893, 0. 0. 0 0. 0. 0;
14903, 0. 0. 0 0. 0. 0;
14913, 0. 0. 0 0. 0. 0;
14923, 0. 0. 0 0. 0. 0;
14933, 0. 0. 0 0. 0. 0;
14943, 0. 0. 0 0. 0. 0;
14953, 0. 0. 0 0. 0. 0;
14963, 0. 0. 0 0. 0. 0;
14973, 0. 0. 0 0. 0. 0;
14983, 0. 0. 0 0. 0. 0;
14993, 0. 0. 0 0. 0. 0;
15003, 0. 0. 0 0. 0. 0;
15013, 0. 0. 0 0. 0. 0;
15023, 0. 0. 0 0. 0. 0;
15033, 0. 0. 0 0. 0. 0;
15043, 0. 0. 0 0. 0. 0;
15053, 0. 0. 0 0. 0. 0;
15063, 0. 0. 0 0. 0. 0;
15073, 0. 0. 0 0. 0. 0;
15083, 0. 0. 0 0. 0. 0;
15093, 0. 0. 0 0. 0. 0;
15103, 0. 0. 0 0. 0. 0;
15113, 0. 0. 0 0. 0. 0;
15123, 0. 0. 0 0. 0. 0;
15133, 0. 0. 0 0. 0. 0;
15143, 0. 0. 0 0. 0. 0;
15153, 0. 0. 0 0. 0. 0;
15163, 0. 0. 0 0. 0. 0;
15173, 0. 0. 0 0. 0. 0;
15183, 0. 0. 0 0. 0. 0;
15193, 0. 0. 0 0. 0. 0;
15203, 0. 0. 0 0. 0. 0;
15213, 0. 0. 0 0. 0. 0;
15223, 0. 0. 0 0. 0. 0;
15233, 0. 0. 0 0. 0. 0;
15243, 0. 0. 0 0. 0. 0;
15253, 0. 0. 0 0. 0. 0;
15263, 0. 0. 0 0. 0. 0;
15273, 0. 0. 0 0. 0. 0;
15283, 0. 0. 0 0. 0. 0;
15293, 0. 0. 0 0. 0. 0;
15303, 0. 0. 0 0. 0. 0;
15313, 0. 0. 0 0. 0. 0;
15323, 0. 0. 0 0. 0. 0;
15333, 0. 0. 0 0. 0. 0;
15343, 0. 0. 0 0. 0. 0;
15353, 0. 0. 0 0. 0. 0;
15363, 0. 0. 0 0. 0. 0;
15373, 0. 0. 0 0. 0. 0;
15383, 0. 0. 0 0. 0. 0;
15393, 0. 0. 0 0. 0. 0;
15403, 0. 0. 0 0. 0. 0;
15413, 0. 0. 0 0. 0. 0;
15423, 0. 0. 0 0. 0. 0;
15433, 0. 0. 0 0. 0. 0;
15443, 0. 0. 0 0. 0. 0;
15453, 0. 0. 0 0. 0. 0;
15463, 0. 0. 0 0. 0. 0;
15473, 0. 0. 0 0. 0. 0;
15483, 0. 0. 0 0. 0. 0;
15493, 0. 0. 0 0. 0. 0;
15503, 0. 0. 0 0. 0. 0;
15513, 0. 0. 0 0. 0. 0;
15523, 0. 0. 0 0. 0. 0;
15533, 0. 0. 0 0. 0. 0;
15543, 0. 0. 0 0. 0. 0;
15553, 0. 0. 0 0. 0. 0;
15563, 0. 0. 0 0. 0. 0;
15573, 0. 0. 0 0. 0. 0;
15583, 0. 0. 0 0. 0. 0;
15593, 0. 0. 0 0. 0. 0;
15603, 0. 0. 0 0. 0. 0;
15613, 0. 0. 0 0. 0. 0;
15623, 0. 0. 0 0. 0. 0;
15633, 0. 0. 0 0. 0. 0;
15643, 0. 0. 0 0. 0. 0;
15653, 0. 0. 0 0. 0. 0;
15663, 0. 0. 0 0. 0. 0;
15673, 0. 0. 0 0. 0. 0;
15683, 0. 0. 0 0. 0. 0;
15693, 0. 0. 0 0. 0. 0;
15703, 0. 0. 0 0. 0. 0;
15713, 0. 0. 0 0. 0. 0;
15723, 0. 0. 0 0. 0. 0;
15733, 0. 0. 0 0. 0. 0;
15743, 0. 0. 0 0. 0. 0;
15753, 0. 0. 0 0. 0. 0;
15763, 0. 0. 0 0. 0. 0;
15773, 0. 0. 0 0. 0. 0;
15783, 0. 0. 0 0. 0. 0;
15793, 0. 0. 0 0. 0. 0;
15803, 0. 0. 0 0. 0. 0;
15813, 0. 0. 0 0. 0. 0;
15823, 0. 0. 0 0. 0. 0;
15833, 0. 0. 0 0. 0. 0;
15843, 0. 0. 0 0. 0. 0;
15853, 0. 0. 0 0. 0. 0;
15863, 0. 0. 0 0. 0. 0;
15873, 0. 0. 0 0. 0. 0;
15883, 0. 0. 0 0. 0. 0;
15893, 0. 0. 0 0. 0. 0;
15903, 0. 0. 0 0. 0. 0;
15913, 0. 0. 0 0. 0. 0;
15923, 0. 0. 0 0. 0. 0;
15933, 0. 0. 0 0. 0. 0;
15943, 0. 0. 0 0. 0. 0;
15953, 0. 0. 0 0. 0. 0;
15963, 0. 0. 0 0. 0. 0;
15973, 0. 0. 0 0. 0. 0;
15983, 0. 0. 0 0. 0. 0;
15993, 0. 0. 0 0. 0. 0;
16003, 0. 0. 0 0. 0. 0;
16013, 0. 0. 0 0. 0. 0;
16023, 0. 0. 0 0. 0. 0;
16033, 0. 0. 0 0. 0. 0;
16043, 0. 0. 0 0. 0. 0;
16053, 0. 0. 0 0. 0. 0;
16063, 0. 0. 0 0. 0. 0;
16073, 0. 0. 0 0. 0. 0;
16083, 0. 0. 0 0. 0. 0;
16093, 0. 0. 0 0. 0. 0;
16103, 0. 0. 0 0. 0. 0;
16113, 0. 0. 0 0. 0. 0;
16123, 0. 0. 0 0. 0. 0;
16133, 0. 0. 0 0. 0. 0;
16143, 0. 0. 0 0. 0. 0;
16153, 0. 0. 0 0. 0. 0;
16163, 0. 0. 0 0. 0. 0;
16173, 0. 0. 0 0. 0. 0;
16183, 0. 0. 0 0. 0. 0;
16193, 0. 0. 0 0. 0. 0;
16203, 0. 0. 0 0. 0. 0;
16213, 0. 0. 0 0. 0. 0;
16223, 0. 0. 0 0. 0. 0;
16233, 0. 0. 0 0. 0. 0;
16243, 0. 0. 0 0. 0. 0;
16253, 0. 0. 0 0. 0. 0;
16263, 0. 0. 0 0. 0. 0;
16273, 0. 0. 0 0. 0. 0;
16283, 0. 0. 0 0. 0. 0;
16293, 0. 0. 0 0. 0. 0;
16303, 0. 0. 0 0. 0. 0;
16313, 0. 0. 0 0. 0. 0;
16323, 0. 0. 0 0. 0. 0;
16333, 0. 0. 0 0. 0. 0;
16343, 0. 0. 0 0. 0. 0;
16353, 0. 0. 0 0. 0. 0;
16363, 0. 0. 0 0. 0. 0;
16373, 0. 0. 0 0. 0. 0;
16383, 0. 0. 0 0. 0. 0;
16393, 0. 0. 0 0. 0. 0;
16403, 0. 0. 0 0. 0. 0;
16413, 0. 0. 0 0. 0. 0;
16423, 0. 0. 0 0. 0. 0;
16433, 0. 0. 0 0. 0. 0;
16443, 0. 0. 0 0. 0. 0;
16453, 0. 0. 0 0. 0. 0;
16463, 0. 0. 0 0. 0. 0;
16473, 0. 0. 0 0. 0. 0;
16483, 0. 0. 0 0. 0. 0;
16493, 0. 0. 0 0. 0. 0;
16503, 0. 0. 0 0. 0. 0;
16513, 0. 0. 0 0. 0. 0;
16523, 0. 0. 0 0. 0. 0;
16533, 0. 0. 0 0. 0. 0;
16543, 0. 0. 0 0. 0. 0;
16553, 0. 0. 0 0. 0. 0;
16563, 0. 0. 0 0. 0. 0;
16573, 0. 0. 0 0. 0. 0;
16583, 0. 0. 0 0. 0. 0;
16593, 0. 0. 0 0. 0. 0;
16603, 0. 0. 0 0. 0. 0;
16613, 0. 0. 0 0. 0. 0;
16623, 0. 0. 0 0. 0. 0;
16633, 0. 0. 0 0. 0. 0;
16643, 0. 0. 0 0. 0. 0;
16653, 0. 0. 0 0. 0. 0;
16663, 0. 0. 0 0. 0. 0;
16673, 0. 0. 0 0. 0. 0;
16683, 0. 0. 0 0. 0. 0;
16693, 0. 0. 0 0. 0. 0;
16703, 0. 0. 0 0. 0. 0;
16713, 0. 0. 0 0. 0. 0;
16723, 0. 0. 0 0. 0. 0;
16733, 0. 0. 0 0. 0. 0;
16743, 0. 0. 0 0. 0. 0;
16753, 0. 0. 0 0. 0. 0;
16763, 0. 0. 0 0. 0. 0;
16773, 0. 0. 0 0. 0. 0;
16783, 0. 0. 0 0. 0. 0;
16793, 0. 0. 0 0. 0. 0;
16803, 0. 0. 0 0. 0. 0;
16813, 0. 0. 0 0. 0. 0;
16823, 0. 0. 0 0. 0. 0;
16833, 0. 0. 0 0. 0. 0;
16843, 0. 0. 0 0. 0. 0;
16853, 0. 0. 0 0. 0. 0;
16863, 0. 0. 0 0. 0. 0;
16873, 0. 0. 0 0. 0. 0;
16883, 0. 0. 0 0. 0. 0;
16893, 0. 0. 0 0. 0. 0;
16903, 0. 0. 0 0. 0. 0;
16913, 0. 0. 0 0. 0. 0;
16923, 0. 0. 0 0. 0. 0;
16933, 0. 0. 0 0. 0. 0;
16943, 0. 0. 0 0. 0. 0;
16953, 0. 0. 0 0. 0. 0;
16963, 0. 0. 0 0. 0. 0;
16973, 0. 0. 0 0. 0. 0;
16983, 0. 0. 0 0. 0. 0;
16993, 0. 0. 0 0. 0. 0;
17003, 0. 0. 0 0. 0. 0;
17013, 0. 0. 0 0. 0. 0;
17023, 0. 0. 0 0. 0. 0;
17033, 0. 0. 0 0. 0. 0;
17043, 0. 0. 0 0. 0. 0;
17053, 0. 0. 0 0. 0. 0;
17063, 0. 0. 0 0. 0. 0;
17073, 0. 0. 0 0. 0. 0;
17083, 0. 0. 0 0. 0. 0;
17093, 0. 0. 0 0. 0. 0;
17103, 0. 0. 0 0. 0. 0;
17113, 0. 0. 0 0. 0. 0;
17123, 0. 0. 0 0. 0. 0;
17133, 0. 0. 0 0. 0. 0;
17143, 0. 0. 0 0. 0. 0;
17153, 0. 0. 0 0. 0. 0;
17163, 0. 0. 0 0. 0. 0;
17173, 0. 0. 0 0. 0. 0;
17183, 0. 0. 0 0. 0. 0;
17193, 0. 0. 0 0. 0. 0;
17203, 0. 0. 0 0. 0. 0;
17213, 0. 0. 0 0. 0. 0;
17223, 0. 0. 0 0. 0. 0;
17233, 0. 0. 0 0. 0. 0;
17243, 0. 0. 0 0. 0. 0;
17253, 0. 0. 0 0. 0. 0;
17263, 0. 0. 0 0. 0. 0;
17273, 0. 0. 0 0. 0. 0;
17283, 0. 0. 0 0. 0. 0;
17293, 0. 0. 0 0. 0. 0;
17303, 0. 0. 0 0. 0. 0;
17313, 0. 0. 0 0. 0. 0;
17323, 0. 0. 0 0. 0. 0;
17333, 0. 0. 0 0. 0. 0;
17343, 0. 0. 0 0. 0. 0;
17353, 0. 0. 0 0. 0. 0;
17363, 0. 0. 0 0. 0. 0;
17373, 0. 0. 0 0. 0. 0;
17383, 0. 0. 0 0. 0. 0;
17393, 0. 0. 0 0. 0. 0;
17403, 0. 0. 0 0. 0. 0;
17413, 0. 0. 0 0. 0. 0;
17423, 0. 0. 0 0. 0. 0;
17433, 0. 0. 0 0. 0. 0;
17443, 0. 0. 0 0. 0. 0;
17453, 0. 0. 0 0. 0. 0;
17463, 0. 0. 0 0. 0. 0;
17473, 0. 0. 0 0. 0. 0;
17483, 0. 0. 0 0. 0. 0;
17493, 0. 0. 0 0. 0. 0;
17503, 0. 0. 0 0. 0. 0;
17513, 0. 0. 0 0. 0. 0;
17523, 0. 0. 0 0. 0. 0;
17533, 0. 0. 0 0. 0. 0;
17543, 0. 0. 0 0. 0. 0;
17553, 0. 0. 0 0. 0. 0;
17563, 0. 0. 0 0. 0. 0;
17573, 0. 0. 0 0. 0. 0;
17583, 0. 0. 0 0. 0. 0;
17593, 0. 0. 0 0. 0. 0;
17603, 0. 0. 0 0. 0. 0;
17613, 0. 0. 0 0. 0. 0;
17623, 0. 0. 0 0. 0. 0;
17633, 0. 0. 0 0. 0. 0;
17643, 0. 0. 0 0. 0. 0;
17653, 0. 0. 0 0. 0. 0;
17663, 0. 0. 0 0. 0. 0;
17673, 0. 0. 0 0. 0. 0;
17683, 0. 0. 0 0. 0. 0;
17693, 0. 0. 0 0. 0. 0;
17703, 0. 0. 0 0. 0. 0;
17713, 0. 0. 0 0. 0. 0;
17723, 0. 0. 0 0. 0. 0;
17733, 0. 0. 0 0. 0. 0;
17743, 0. 0. 0 0. 0. 0;
17753, 0. 0. 0 0. 0. 0;
17763, 0. 0. 0 0. 0. 0;
17773, 0. 0. 0 0. 0. 0;
17783, 0. 0. 0 0. 0. 0;
17793, 0. 0. 0 0. 0. 0;
17803, 0. 0. 0 0. 0. 0;
17813, 0. 0. 0 0. 0. 0;
17823, 0. 0. 0 0. 0. 0;
17833, 0. 0. 0 0. 0. 0;
17843, 0. 0. 0 0. 0. 0;
17853, 0. 0. 0 0. 0. 0;
17863, 0. 0. 0 0. 0. 0;
17873, 0. 0. 0 0. 0. 0;
17883, 0. 0. 0 0. 0. 0;
17893, 0. 0. 0 0. 0. 0;
17903, 0. 0. 0 0. 0. 0;
17913, 0. 0. 0 0. 0. 0;
17923, 0. 0. 0 0. 0. 0;
17933, 0. 0. 0 0. 0. 0;
17943, 0. 0. 0 0. 0. 0;
17953, 0. 0. 0 0. 0. 0;
17963, 0. 0. 0 0. 0. 0;
17973, 0. 0. 0 0. 0. 0;
17983, 0. 0. 0 0. 0. 0;
17993, 0. 0. 0 0. 0. 0;
18003, 0. 0. 0 0. 0. 0;
18013, 0. 0. 0 0. 0. 0;
18023, 0. 0. 0 0. 0. 0;
18033, 0. 0. 0 0. 0. 0;
18043, 0. 0. 0 0. 0. 0;
18053, 0. 0. 0 0. 0. 0;
18063, 0. 0. 0 0. 0. 0;
18073, 0. 0. 0 0. 0. 0;
18083, 0. 0. 0 0. 0. 0;
18093, 0. 0. 0 0. 0. 0;
18103, 0. 0. 0 0. 0. 0;
18113, 0. 0. 0 0. 0. 0;
18123, 0. 0. 0 0. 0. 0;
18133, 0. 0. 0 0. 0. 0;
18143, 0. 0. 0 0. 0. 0;
