0, 0;
10, 0. 0. 0 0. 0. 0;
20, 0. 0. 0 0. 0. 0;
30, 0. 0. 0 0. 0. 0;
40, 0. 0. 0 0. 0. 0;
50, 0. 0. 0 0. 0. 0;
60, 0. 0. 0 0. 0. 0;
70, 0. 0. 0 0. 0. 0;
80, 0. 0. 0 0. 0. 0;
90, 0. 0. 0 0. 0. 0;
100, 0. 0. 0 0. 0. 0;
110, 0. 0. 0 0. 0. 0;
120, 0. 0. 0 0. 0. 0;
130, 0. 0. 0 0. 0. 0;
140, 0. 0. 0 0. 0. 0;
150, 0. 0. 0 0. 0. 0;
160, 0. 0. 0 0. 0. 0;
170, 0. 0. 0 0. 0. 0;
180, 0. 0. 0 0. 0. 0;
190, 0. 0. 0 0. 0. 0;
200, 0. 0. 0 0. 0. 0;
210, 0. 0. 0 0. 0. 0;
220, 0. 0. 0 0. 0. 0;
230, 0. 0. 0 0. 0. 0;
240, 0. 0. 0 0. 0. 0;
250, 0. 0. 0 0. 0. 0;
260, 0. 0. 0 0. 0. 0;
270, 0. 0. 0 0. 0. 0;
280, 0. 0. 0 0. 0. 0;
290, 0. 0. 0 0. 0. 0;
300, 0. 0. 0 0. 0. 0;
310, 0. 0. 0 0. 0. 0;
320, 0. 0. 0 0. 0. 0;
330, 0. 0. 0 0. 0. 0;
340, 0. 0. 0 0. 0. 0;
350, 0. 0. 0 0. 0. 0;
360, 0. 0. 0 0. 0. 0;
370, 0. 0. 0 0. 0. 0;
380, 0. 0. 0 0. 0. 0;
390, 0. 0. 0 0. 0. 0;
400, 0. 0. 0 0. 0. 0;
410, 0. 0. 0 0. 0. 0;
420, 0. 0. 0 0. 0. 0;
430, 0. 0. 0 0. 0. 0;
440, 0. 0. 0 0. 0. 0;
450, 0. 0. 0 0. 0. 0;
460, 0. 0. 0 0. 0. 0;
470, 0. 0. 0 0. 0. 0;
480, 0. 0. 0 0. 0. 0;
490, 0. 0. 0 0. 0. 0;
500, 0. 0. 0 0. 0. 0;
510, 0. 0. 0 0. 0. 0;
520, 0. 0. 0 0. 0. 0;
530, 0. 0. 0 0. 0. 0;
540, 0. 0. 0 0. 0. 0;
550, 0. 0. 0 0. 0. 0;
560, 0. 0. 0 0. 0. 0;
570, 0. 0. 0 0. 0. 0;
580, 0. 0. 0 0. 0. 0;
590, 0. 0. 0 0. 0. 0;
600, 0. 0. 0 0. 0. 0;
610, 0. 0. 0 0. 0. 0;
620, 0. 0. 0 0. 0. 0;
630, 0. 0. 0 0. 0. 0;
640, 0. 0. 0 0. 0. 0;
650, 0. 0. 0 0. 0. 0;
660, 0. 0. 0 0. 0. 0;
670, 0. 0. 0 0. 0. 0;
680, 0. 0. 0 0. 0. 0;
690, 0. 0. 0 0. 0. 0;
700, 0. 0. 0 0. 0. 0;
710, 0. 0. 0 0. 0. 0;
720, 0. 0. 0 0. 0. 0;
730, 0. 0. 0 0. 0. 0;
740, 0. 0. 0 0. 0. 0;
750, 0. 0. 0 0. 0. 0;
760, 0. 0. 0 0. 0. 0;
770, 0. 0. 0 0. 0. 0;
780, 0. 0. 0 0. 0. 0;
790, 0. 0. 0 0. 0. 0;
800, 0. 0. 0 0. 0. 0;
810, 0. 0. 0 0. 0. 0;
820, 0. 0. 0 0. 0. 0;
830, 0. 0. 0 0. 0. 0;
840, 0. 0. 0 0. 0. 0;
850, 0. 0. 0 0. 0. 0;
860, 0. 0. 0 0. 0. 0;
870, 0. 0. 0 0. 0. 0;
880, 0. 0. 0 0. 0. 0;
890, 0. 0. 0 0. 0. 0;
900, 0. 0. 0 0. 0. 0;
910, 0. 0. 0 0. 0. 0;
920, 0. 0. 0 0. 0. 0;
930, 0. 0. 0 0. 0. 0;
940, 0. 0. 0 0. 0. 0;
950, 0. 0. 0 0. 0. 0;
960, 0. 0. 0 0. 0. 0;
970, 0. 0. 0 0. 0. 0;
980, 0. 0. 0 0. 0. 0;
990, 0. 0. 0 0. 0. 0;
1000, 0. 0. 0 0. 0. 0;
1010, 0. 0. 0 0. 0. 0;
1020, 0. 0. 0 0. 0. 0;
1030, 0. 0. 0 0. 0. 0;
1040, 0. 0. 0 0. 0. 0;
1050, 0. 0. 0 0. 0. 0;
1060, 0. 0. 0 0. 0. 0;
1070, 0. 0. 0 0. 0. 0;
1080, 0. 0. 0 0. 0. 0;
1090, 0. 0. 0 0. 0. 0;
1100, 0. 0. 0 0. 0. 0;
1110, 0. 0. 0 0. 0. 0;
1120, 0. 0. 0 0. 0. 0;
1130, 0. 0. 0 0. 0. 0;
1140, 0. 0. 0 0. 0. 0;
1150, 0. 0. 0 0. 0. 0;
1160, 0. 0. 0 0. 0. 0;
1170, 0. 0. 0 0. 0. 0;
1180, 0. 0. 0 0. 0. 0;
1190, 0. 0. 0 0. 0. 0;
1200, 0. 0. 0 0. 0. 0;
1210, 0. 0. 0 0. 0. 0;
1220, 0. 0. 0 0. 0. 0;
1230, 0. 0. 0 0. 0. 0;
1240, 0. 0. 0 0. 0. 0;
1250, 0. 0. 0 0. 0. 0;
1260, 0. 0. 0 0. 0. 0;
1270, 0. 0. 0 0. 0. 0;
1280, 0. 0. 0 0. 0. 0;
1290, 0. 0. 0 0. 0. 0;
1300, 0. 0. 0 0. 0. 0;
1310, 0. 0. 0 0. 0. 0;
1320, 0. 0. 0 0. 0. 0;
1330, 0. 0. 0 0. 0. 0;
1340, 0. 0. 0 0. 0. 0;
1350, 0. 0. 0 0. 0. 0;
1360, 0. 0. 0 0. 0. 0;
1370, 0. 0. 0 0. 0. 0;
1380, 0. 0. 0 0. 0. 0;
1390, 0. 0. 0 0. 0. 0;
1400, 0. 0. 0 0. 0. 0;
1410, 0. 0. 0 0. 0. 0;
1420, 0. 0. 0 0. 0. 0;
1430, 0. 0. 0 0. 0. 0;
1440, 0. 0. 0 0. 0. 0;
1450, 0. 0. 0 0. 0. 0;
1460, 0. 0. 0 0. 0. 0;
1470, 0. 0. 0 0. 0. 0;
1480, 0. 0. 0 0. 0. 0;
1490, 0. 0. 0 0. 0. 0;
1500, 0. 0. 0 0. 0. 0;
1510, 0. 0. 0 0. 0. 0;
1520, 0. 0. 0 0. 0. 0;
1530, 0. 0. 0 0. 0. 0;
1540, 0. 0. 0 0. 0. 0;
1550, 0. 0. 0 0. 0. 0;
1560, 0. 0. 0 0. 0. 0;
1570, 0. 0. 0 0. 0. 0;
1580, 0. 0. 0 0. 0. 0;
1590, 0. 0. 0 0. 0. 0;
1600, 0. 0. 0 0. 0. 0;
1610, 0. 0. 0 0. 0. 0;
1620, 0. 0. 0 0. 0. 0;
1630, 0. 0. 0 0. 0. 0;
1640, 0. 0. 0 0. 0. 0;
1650, 0. 0. 0 0. 0. 0;
1660, 0. 0. 0 0. 0. 0;
1670, 0. 0. 0 0. 0. 0;
1680, 0. 0. 0 0. 0. 0;
1690, 0. 0. 0 0. 0. 0;
1700, 0. 0. 0 0. 0. 0;
1710, 0. 0. 0 0. 0. 0;
1720, 0. 0. 0 0. 0. 0;
1730, 0. 0. 0 0. 0. 0;
1740, 0. 0. 0 0. 0. 0;
1750, 0. 0. 0 0. 0. 0;
1760, 0. 0. 0 0. 0. 0;
1770, 0. 0. 0 0. 0. 0;
1780, 0. 0. 0 0. 0. 0;
1790, 0. 0. 0 0. 0. 0;
1800, 0. 0. 0 0. 0. 0;
1810, 0. 0. 0 0. 0. 0;
1820, 0. 0. 0 0. 0. 0;
1830, 0. 0. 0 0. 0. 0;
1840, 0. 0. 0 0. 0. 0;
1850, 0. 0. 0 0. 0. 0;
1860, 0. 0. 0 0. 0. 0;
1870, 0. 0. 0 0. 0. 0;
1880, 0. 0. 0 0. 0. 0;
1890, 0. 0. 0 0. 0. 0;
1900, 0. 0. 0 0. 0. 0;
1910, 0. 0. 0 0. 0. 0;
1920, 0. 0. 0 0. 0. 0;
1930, 0. 0. 0 0. 0. 0;
1940, 0. 0. 0 0. 0. 0;
1950, 0. 0. 0 0. 0. 0;
1960, 0. 0. 0 0. 0. 0;
1970, 0. 0. 0 0. 0. 0;
1980, 0. 0. 0 0. 0. 0;
1990, 0. 0. 0 0. 0. 0;
2000, 0. 0. 0 0. 0. 0;
2010, 0. 0. 0 0. 0. 0;
2020, 0. 0. 0 0. 0. 0;
2030, 0. 0. 0 0. 0. 0;
2040, 0. 0. 0 0. 0. 0;
2050, 0. 0. 0 0. 0. 0;
2060, 0. 0. 0 0. 0. 0;
2070, 0. 0. 0 0. 0. 0;
2080, 0. 0. 0 0. 0. 0;
2090, 0. 0. 0 0. 0. 0;
2100, 0. 0. 0 0. 0. 0;
2110, 0. 0. 0 0. 0. 0;
2120, 0. 0. 0 0. 0. 0;
2130, 0. 0. 0 0. 0. 0;
2140, 0. 0. 0 0. 0. 0;
2150, 0. 0. 0 0. 0. 0;
2160, 0. 0. 0 0. 0. 0;
2170, 0. 0. 0 0. 0. 0;
2180, 0. 0. 0 0. 0. 0;
2190, 0. 0. 0 0. 0. 0;
2200, 0. 0. 0 0. 0. 0;
2210, 0. 0. 0 0. 0. 0;
2220, 0. 0. 0 0. 0. 0;
2230, 0. 0. 0 0. 0. 0;
2240, 0. 0. 0 0. 0. 0;
2250, 0. 0. 0 0. 0. 0;
2260, 0. 0. 0 0. 0. 0;
2270, 0. 0. 0 0. 0. 0;
2280, 0. 0. 0 0. 0. 0;
2290, 0. 0. 0 0. 0. 0;
2300, 0. 0. 0 0. 0. 0;
2310, 0. 0. 0 0. 0. 0;
2320, 0. 0. 0 0. 0. 0;
2330, 0. 0. 0 0. 0. 0;
2340, 0. 0. 0 0. 0. 0;
2350, 0. 0. 0 0. 0. 0;
2360, 0. 0. 0 0. 0. 0;
2370, 0. 0. 0 0. 0. 0;
2380, 0. 0. 0 0. 0. 0;
2390, 0. 0. 0 0. 0. 0;
2400, 0. 0. 0 0. 0. 0;
2410, 0. 0. 0 0. 0. 0;
2420, 0. 0. 0 0. 0. 0;
2430, 0. 0. 0 0. 0. 0;
2440, 0. 0. 0 0. 0. 0;
2450, 0. 0. 0 0. 0. 0;
2460, 0. 0. 0 0. 0. 0;
2470, 0. 0. 0 0. 0. 0;
2480, 0. 0. 0 0. 0. 0;
2490, 0. 0. 0 0. 0. 0;
2500, 0. 0. 0 0. 0. 0;
2510, 0. 0. 0 0. 0. 0;
2520, 0. 0. 0 0. 0. 0;
2530, 0. 0. 0 0. 0. 0;
2540, 0. 0. 0 0. 0. 0;
2550, 0. 0. 0 0. 0. 0;
2560, 0. 0. 0 0. 0. 0;
2570, 0. 0. 0 0. 0. 0;
2580, 0. 0. 0 0. 0. 0;
2590, 0. 0. 0 0. 0. 0;
2600, 0. 0. 0 0. 0. 0;
2610, 0. 0. 0 0. 0. 0;
2620, 0. 0. 0 0. 0. 0;
2630, 0. 0. 0 0. 0. 0;
2640, 0. 0. 0 0. 0. 0;
2650, 0. 0. 0 0. 0. 0;
2660, 0. 0. 0 0. 0. 0;
2670, 0. 0. 0 0. 0. 0;
2680, 0. 0. 0 0. 0. 0;
2690, 0. 0. 0 0. 0. 0;
2700, 0. 0. 0 0. 0. 0;
2710, 0. 0. 0 0. 0. 0;
2720, 0. 0. 0 0. 0. 0;
2730, 0. 0. 0 0. 0. 0;
2740, 0. 0. 0 0. 0. 0;
2750, 0. 0. 0 0. 0. 0;
2760, 0. 0. 0 0. 0. 0;
2770, 0. 0. 0 0. 0. 0;
2780, 0. 0. 0 0. 0. 0;
2790, 0. 0. 0 0. 0. 0;
2800, 0. 0. 0 0. 0. 0;
2810, 0. 0. 0 0. 0. 0;
2820, 0. 0. 0 0. 0. 0;
2830, 0. 0. 0 0. 0. 0;
2840, 0. 0. 0 0. 0. 0;
2850, 0. 0. 0 0. 0. 0;
2860, 0. 0. 0 0. 0. 0;
2870, 0. 0. 0 0. 0. 0;
2880, 0. 0. 0 0. 0. 0;
2890, 0. 0. 0 0. 0. 0;
2900, 0. 0. 0 0. 0. 0;
2910, 0. 0. 0 0. 0. 0;
2920, 0. 0. 0 0. 0. 0;
2930, 0. 0. 0 0. 0. 0;
2940, 0. 0. 0 0. 0. 0;
2950, 0. 0. 0 0. 0. 0;
2960, 0. 0. 0 0. 0. 0;
2970, 0. 0. 0 0. 0. 0;
2980, 0. 0. 0 0. 0. 0;
2990, 0. 0. 0 0. 0. 0;
3000, 0. 0. 0 0. 0. 0;
3010, 0. 0. 0 0. 0. 0;
3020, 0. 0. 0 0. 0. 0;
3030, 0. 0. 0 0. 0. 0;
3040, 0. 0. 0 0. 0. 0;
3050, 0. 0. 0 0. 0. 0;
3060, 0. 0. 0 0. 0. 0;
3070, 0. 0. 0 0. 0. 0;
3080, 0. 0. 0 0. 0. 0;
3090, 0. 0. 0 0. 0. 0;
3100, 0. 0. 0 0. 0. 0;
3110, 0. 0. 0 0. 0. 0;
3120, 0. 0. 0 0. 0. 0;
3130, 0. 0. 0 0. 0. 0;
3140, 0. 0. 0 0. 0. 0;
3150, 0. 0. 0 0. 0. 0;
3160, 0. 0. 0 0. 0. 0;
3170, 0. 0. 0 0. 0. 0;
3180, 0. 0. 0 0. 0. 0;
3190, 0. 0. 0 0. 0. 0;
3200, 0. 0. 0 0. 0. 0;
3210, 0. 0. 0 0. 0. 0;
3220, 0. 0. 0 0. 0. 0;
3230, 0. 0. 0 0. 0. 0;
3240, 0. 0. 0 0. 0. 0;
3250, 0. 0. 0 0. 0. 0;
3260, 0. 0. 0 0. 0. 0;
3270, 0. 0. 0 0. 0. 0;
3280, 0. 0. 0 0. 0. 0;
3290, 0. 0. 0 0. 0. 0;
3300, 0. 0. 0 0. 0. 0;
3310, 0. 0. 0 0. 0. 0;
3320, 0. 0. 0 0. 0. 0;
3330, 0. 0. 0 0. 0. 0;
3340, 0. 0. 0 0. 0. 0;
3350, 0. 0. 0 0. 0. 0;
3360, 0. 0. 0 0. 0. 0;
3370, 0. 0. 0 0. 0. 0;
3380, 0. 0. 0 0. 0. 0;
3390, 0. 0. 0 0. 0. 0;
3400, 0. 0. 0 0. 0. 0;
3410, 0. 0. 0 0. 0. 0;
3420, 0. 0. 0 0. 0. 0;
3430, 0. 0. 0 0. 0. 0;
3440, 0. 0. 0 0. 0. 0;
3450, 0. 0. 0 0. 0. 0;
3460, 0. 0. 0 0. 0. 0;
3470, 0. 0. 0 0. 0. 0;
3480, 0. 0. 0 0. 0. 0;
3490, 0. 0. 0 0. 0. 0;
3500, 0. 0. 0 0. 0. 0;
3510, 0. 0. 0 0. 0. 0;
3520, 0. 0. 0 0. 0. 0;
3530, 0. 0. 0 0. 0. 0;
3540, 0. 0. 0 0. 0. 0;
3550, 0. 0. 0 0. 0. 0;
3560, 0. 0. 0 0. 0. 0;
3570, 0. 0. 0 0. 0. 0;
3580, 0. 0. 0 0. 0. 0;
3590, 0. 0. 0 0. 0. 0;
3600, 0. 0. 0 0. 0. 0;
3610, 0. 0. 0 0. 0. 0;
3620, 0. 0. 0 0. 0. 0;
3630, 0. 0. 0 0. 0. 0;
3640, 0. 0. 0 0. 0. 0;
3650, 0. 0. 0 0. 0. 0;
3660, 0. 0. 0 0. 0. 0;
3670, 0. 0. 0 0. 0. 0;
3680, 0. 0. 0 0. 0. 0;
3690, 0. 0. 0 0. 0. 0;
3700, 0. 0. 0 0. 0. 0;
3710, 0. 0. 0 0. 0. 0;
3720, 0. 0. 0 0. 0. 0;
3730, 0. 0. 0 0. 0. 0;
3740, 0. 0. 0 0. 0. 0;
3750, 0. 0. 0 0. 0. 0;
3760, 0. 0. 0 0. 0. 0;
3770, 0. 0. 0 0. 0. 0;
3780, 0. 0. 0 0. 0. 0;
3790, 0. 0. 0 0. 0. 0;
3800, 0. 0. 0 0. 0. 0;
3810, 0. 0. 0 0. 0. 0;
3820, 0. 0. 0 0. 0. 0;
3830, 0. 0. 0 0. 0. 0;
3840, 0. 0. 0 0. 0. 0;
3850, 0. 0. 0 0. 0. 0;
3860, 0. 0. 0 0. 0. 0;
3870, 0. 0. 0 0. 0. 0;
3880, 0. 0. 0 0. 0. 0;
3890, 0. 0. 0 0. 0. 0;
3900, 0. 0. 0 0. 0. 0;
3910, 0. 0. 0 0. 0. 0;
3920, 0. 0. 0 0. 0. 0;
3930, 0. 0. 0 0. 0. 0;
3940, 0. 0. 0 0. 0. 0;
3950, 0. 0. 0 0. 0. 0;
3960, 0. 0. 0 0. 0. 0;
3970, 0. 0. 0 0. 0. 0;
3980, 0. 0. 0 0. 0. 0;
3990, 0. 0. 0 0. 0. 0;
4000, 0. 0. 0 0. 0. 0;
4010, 0. 0. 0 0. 0. 0;
4020, 0. 0. 0 0. 0. 0;
4030, 0. 0. 0 0. 0. 0;
4040, 0. 0. 0 0. 0. 0;
4050, 0. 0. 0 0. 0. 0;
4060, 0. 0. 0 0. 0. 0;
4070, 0. 0. 0 0. 0. 0;
4080, 0. 0. 0 0. 0. 0;
4090, 0. 0. 0 0. 0. 0;
4100, 0. 0. 0 0. 0. 0;
4110, 0. 0. 0 0. 0. 0;
4120, 0. 0. 0 0. 0. 0;
4130, 0. 0. 0 0. 0. 0;
4140, 0. 0. 0 0. 0. 0;
4150, 0. 0. 0 0. 0. 0;
4160, 0. 0. 0 0. 0. 0;
4170, 0. 0. 0 0. 0. 0;
4180, 0. 0. 0 0. 0. 0;
4190, 0. 0. 0 0. 0. 0;
4200, 0. 0. 0 0. 0. 0;
4210, 0. 0. 0 0. 0. 0;
4220, 0. 0. 0 0. 0. 0;
4230, 0. 0. 0 0. 0. 0;
4240, 0. 0. 0 0. 0. 0;
4250, 0. 0. 0 0. 0. 0;
4260, 0. 0. 0 0. 0. 0;
4270, 0. 0. 0 0. 0. 0;
4280, 0. 0. 0 0. 0. 0;
4290, 0. 0. 0 0. 0. 0;
4300, 0. 0. 0 0. 0. 0;
4310, 0. 0. 0 0. 0. 0;
4320, 0. 0. 0 0. 0. 0;
4330, 0. 0. 0 0. 0. 0;
4340, 0. 0. 0 0. 0. 0;
4350, 0. 0. 0 0. 0. 0;
4360, 0. 0. 0 0. 0. 0;
4370, 0. 0. 0 0. 0. 0;
4380, 0. 0. 0 0. 0. 0;
4390, 0. 0. 0 0. 0. 0;
4400, 0. 0. 0 0. 0. 0;
4410, 0. 0. 0 0. 0. 0;
4420, 0. 0. 0 0. 0. 0;
4430, 0. 0. 0 0. 0. 0;
4440, 0. 0. 0 0. 0. 0;
4450, 0. 0. 0 0. 0. 0;
4460, 0. 0. 0 0. 0. 0;
4470, 0. 0. 0 0. 0. 0;
4480, 0. 0. 0 0. 0. 0;
4490, 0. 0. 0 0. 0. 0;
4500, 0. 0. 0 0. 0. 0;
4510, 0. 0. 0 0. 0. 0;
4520, 0. 0. 0 0. 0. 0;
4530, 0. 0. 0 0. 0. 0;
4540, 0. 0. 0 0. 0. 0;
4550, 0. 0. 0 0. 0. 0;
4560, 0. 0. 0 0. 0. 0;
4570, 0. 0. 0 0. 0. 0;
4580, 0. 0. 0 0. 0. 0;
4590, 0. 0. 0 0. 0. 0;
4600, 0. 0. 0 0. 0. 0;
4610, 0. 0. 0 0. 0. 0;
4620, 0. 0. 0 0. 0. 0;
4630, 0. 0. 0 0. 0. 0;
4640, 0. 0. 0 0. 0. 0;
4650, 0. 0. 0 0. 0. 0;
4660, 0. 0. 0 0. 0. 0;
4670, 0. 0. 0 0. 0. 0;
4680, 0. 0. 0 0. 0. 0;
4690, 0. 0. 0 0. 0. 0;
4700, 0. 0. 0 0. 0. 0;
4710, 0. 0. 0 0. 0. 0;
4720, 0. 0. 0 0. 0. 0;
4730, 0. 0. 0 0. 0. 0;
4740, 0. 0. 0 0. 0. 0;
4750, 0. 0. 0 0. 0. 0;
4760, 0. 0. 0 0. 0. 0;
4770, 0. 0. 0 0. 0. 0;
4780, 0. 0. 0 0. 0. 0;
4790, 0. 0. 0 0. 0. 0;
4800, 0. 0. 0 0. 0. 0;
4810, 0. 0. 0 0. 0. 0;
4820, 0. 0. 0 0. 0. 0;
4830, 0. 0. 0 0. 0. 0;
4840, 0. 0. 0 0. 0. 0;
4850, 0. 0. 0 0. 0. 0;
4860, 0. 0. 0 0. 0. 0;
4870, 0. 0. 0 0. 0. 0;
4880, 0. 0. 0 0. 0. 0;
4890, 0. 0. 0 0. 0. 0;
4900, 0. 0. 0 0. 0. 0;
4910, 0. 0. 0 0. 0. 0;
4920, 0. 0. 0 0. 0. 0;
4930, 0. 0. 0 0. 0. 0;
4940, 0. 0. 0 0. 0. 0;
4950, 0. 0. 0 0. 0. 0;
4960, 0. 0. 0 0. 0. 0;
4970, 0. 0. 0 0. 0. 0;
4980, 0. 0. 0 0. 0. 0;
4990, 0. 0. 0 0. 0. 0;
5000, 0. 0. 0 0. 0. 0;
5010, 0. 0. 0 0. 0. 0;
5020, 0. 0. 0 0. 0. 0;
5030, 0. 0. 0 0. 0. 0;
5040, 0. 0. 0 0. 0. 0;
5050, 0. 0. 0 0. 0. 0;
5060, 0. 0. 0 0. 0. 0;
5070, 0. 0. 0 0. 0. 0;
5080, 0. 0. 0 0. 0. 0;
5090, 0. 0. 0 0. 0. 0;
5100, 0. 0. 0 0. 0. 0;
5110, 0. 0. 0 0. 0. 0;
5120, 0. 0. 0 0. 0. 0;
5130, 0. 0. 0 0. 0. 0;
5140, 0. 0. 0 0. 0. 0;
5150, 0. 0. 0 0. 0. 0;
5160, 0. 0. 0 0. 0. 0;
5170, 0. 0. 0 0. 0. 0;
5180, 0. 0. 0 0. 0. 0;
5190, 0. 0. 0 0. 0. 0;
5200, 0. 0. 0 0. 0. 0;
5210, 0. 0. 0 0. 0. 0;
5220, 0. 0. 0 0. 0. 0;
5230, 0. 0. 0 0. 0. 0;
5240, 0. 0. 0 0. 0. 0;
5250, 0. 0. 0 0. 0. 0;
5260, 0. 0. 0 0. 0. 0;
5270, 0. 0. 0 0. 0. 0;
5280, 0. 0. 0 0. 0. 0;
5290, 0. 0. 0 0. 0. 0;
5300, 0. 0. 0 0. 0. 0;
5310, 0. 0. 0 0. 0. 0;
5320, 0. 0. 0 0. 0. 0;
5330, 0. 0. 0 0. 0. 0;
5340, 0. 0. 0 0. 0. 0;
5350, 0. 0. 0 0. 0. 0;
5360, 0. 0. 0 0. 0. 0;
5370, 0. 0. 0 0. 0. 0;
5380, 0. 0. 0 0. 0. 0;
5390, 0. 0. 0 0. 0. 0;
5400, 0. 0. 0 0. 0. 0;
5410, 0. 0. 0 0. 0. 0;
5420, 0. 0. 0 0. 0. 0;
5430, 0. 0. 0 0. 0. 0;
5440, 0. 0. 0 0. 0. 0;
5450, 0. 0. 0 0. 0. 0;
5460, 0. 0. 0 0. 0. 0;
5470, 0. 0. 0 0. 0. 0;
5480, 0. 0. 0 0. 0. 0;
5490, 0. 0. 0 0. 0. 0;
5500, 0. 0. 0 0. 0. 0;
5510, 0. 0. 0 0. 0. 0;
5520, 0. 0. 0 0. 0. 0;
5530, 0. 0. 0 0. 0. 0;
5540, 0. 0. 0 0. 0. 0;
5550, 0. 0. 0 0. 0. 0;
5560, 0. 0. 0 0. 0. 0;
5570, 0. 0. 0 0. 0. 0;
5580, 0. 0. 0 0. 0. 0;
5590, 0. 0. 0 0. 0. 0;
5600, 0. 0. 0 0. 0. 0;
5610, 0. 0. 0 0. 0. 0;
5620, 0.114689 0.608866 1 0. 0. 0;
5630, 0.114689 0.608866 1 0. 0. 0;
5640, 0.114689 0.608866 1 0. 0. 0;
5650, 0.114689 0.608866 1 0. 0. 0;
5660, 0.114689 0.608866 1 0. 0. 0;
5670, 0.114689 0.608866 1 0. 0. 0;
5680, 0.114689 0.608866 1 0. 0. 0;
5690, 0.114689 0.608866 1 0. 0. 0;
5700, 0.114689 0.608866 1 0.103431 0.680452 1;
5710, 0.114689 0.608866 1 0.103431 0.680452 1;
5720, 0.114689 0.608866 1 0.103431 0.680452 1;
5730, 0.114689 0.608866 1 0.103431 0.680452 1;
5740, 0.114689 0.608866 1 0.103431 0.680452 1;
5750, 0.114689 0.608866 1 0.103431 0.680452 1;
5760, 0.114689 0.608866 1 0.103431 0.680452 1;
5770, 0.114689 0.608866 1 0.103431 0.680452 1;
5780, 0.114689 0.608866 1 0.103431 0.680452 1;
5790, 0.114689 0.608866 1 0.103431 0.680452 1;
5800, 0.114689 0.608866 1 0.103431 0.680452 1;
5810, 0.114689 0.608866 1 0.103431 0.680452 1;
5820, 0.114689 0.608866 1 0.101732 0.678329 1;
5830, 0.114689 0.608866 1 0.101732 0.678329 1;
5840, 0.114689 0.608866 1 0.101732 0.678329 1;
5850, 0.114689 0.608866 1 0.101732 0.678329 1;
5860, 0.114689 0.608866 1 0.100883 0.677267 1;
5870, 0.114689 0.608866 1 0.100883 0.677267 1;
5880, 0.114689 0.608866 1 0.100883 0.677267 1;
5890, 0.114689 0.608866 1 0.100883 0.677267 1;
5900, 0.114689 0.608866 1 0.100883 0.677267 1;
5910, 0.114689 0.608866 1 0.100883 0.677267 1;
5920, 0.114689 0.608866 1 0.100883 0.677267 1;
5930, 0.114689 0.608866 1 0.100883 0.677267 1;
5940, 0.114689 0.608866 1 0.100883 0.677267 1;
5950, 0.114689 0.608866 1 0.100883 0.677267 1;
5960, 0.114689 0.608866 1 0.100883 0.677267 1;
5970, 0.114689 0.608866 1 0.100883 0.677267 1;
5980, 0.114689 0.608866 1 0.100883 0.677267 1;
5990, 0.114689 0.608866 1 0.100883 0.677267 1;
6000, 0.114689 0.608866 1 0.100883 0.677267 1;
6010, 0.114689 0.608866 1 0.100883 0.676206 1;
6020, 0.114689 0.608866 1 0.100883 0.676206 1;
6030, 0.114689 0.608866 1 0.100883 0.676206 1;
6040, 0.114689 0.608866 1 0.100883 0.676206 1;
6050, 0.114689 0.608866 1 0.100883 0.676206 1;
6060, 0.114689 0.608866 1 0.100883 0.676206 1;
6070, 0.114689 0.608866 1 0.100883 0.676206 1;
6080, 0.114689 0.608866 1 0.100883 0.676206 1;
6090, 0.114689 0.608866 1 0.100883 0.676206 1;
6100, 0.114689 0.608866 1 0.100883 0.676206 1;
6110, 0.114689 0.608866 1 0.100883 0.676206 1;
6120, 0.114689 0.608866 1 0.100883 0.676206 1;
6130, 0.114689 0.608866 1 0.100883 0.676206 1;
6140, 0.114689 0.608866 1 0.100883 0.676206 1;
6150, 0.114689 0.608866 1 0.100883 0.676206 1;
6160, 0.114689 0.608866 1 0.100883 0.676206 1;
6170, 0.114689 0.608866 1 0.100883 0.676206 1;
6180, 0.114689 0.608866 1 0.101732 0.676206 1;
6190, 0.114689 0.608866 1 0.101732 0.676206 1;
6200, 0.114689 0.608866 1 0.101732 0.676206 1;
6210, 0.114689 0.608866 1 0.101732 0.676206 1;
6220, 0.114689 0.608866 1 0.101732 0.676206 1;
6230, 0.114689 0.608866 1 0.101732 0.676206 1;
6240, 0.114689 0.608866 1 0.101732 0.676206 1;
6250, 0.114689 0.608866 1 0.101732 0.676206 1;
6260, 0.114689 0.608866 1 0.101732 0.676206 1;
6270, 0.114689 0.608866 1 0.101732 0.676206 1;
6280, 0.114689 0.608866 1 0.101732 0.676206 1;
6290, 0.114689 0.608866 1 0.101732 0.676206 1;
6300, 0.114689 0.608866 1 0.101732 0.676206 1;
6310, 0.114689 0.608866 1 0.101732 0.676206 1;
6320, 0.114689 0.608866 1 0.101732 0.676206 1;
6330, 0.114689 0.608866 1 0.101732 0.676206 1;
6340, 0.114689 0.608866 1 0.101732 0.676206 1;
6350, 0.114689 0.608866 1 0.101732 0.676206 1;
6360, 0.114689 0.608866 1 0.101732 0.676206 1;
6370, 0.114689 0.608866 1 0.101732 0.676206 1;
6380, 0.114689 0.608866 1 0.101732 0.676206 1;
6390, 0.114689 0.608866 1 0.101732 0.676206 1;
6400, 0.114689 0.608866 1 0.101732 0.676206 1;
6410, 0.114689 0.608866 1 0.101732 0.676206 1;
6420, 0.114689 0.608866 1 0.101732 0.676206 1;
6430, 0.114689 0.608866 1 0.101732 0.676206 1;
6440, 0.114689 0.608866 1 0.101732 0.676206 1;
6450, 0.114689 0.608866 1 0.101732 0.676206 1;
6460, 0.114689 0.608866 1 0.101732 0.676206 1;
6470, 0.114689 0.608866 1 0.101732 0.676206 1;
6480, 0.114689 0.608866 1 0.101732 0.676206 1;
6490, 0.114689 0.608866 1 0.101732 0.676206 1;
6500, 0.114689 0.608866 1 0.101732 0.676206 1;
6510, 0.114689 0.608866 1 0.101732 0.676206 1;
6520, 0.114689 0.608866 1 0.101732 0.676206 1;
6530, 0.114689 0.608866 1 0.101732 0.676206 1;
6540, 0.114689 0.608866 1 0.101732 0.676206 1;
6550, 0.116267 0.611672 1 0.101732 0.676206 1;
6560, 0.116267 0.611672 1 0.101732 0.676206 1;
6570, 0.116267 0.611672 1 0.101732 0.676206 1;
6580, 0.116267 0.611672 1 0.101732 0.676206 1;
6590, 0.116267 0.611672 1 0.101732 0.676206 1;
6600, 0.116267 0.611672 1 0.101732 0.676206 1;
6610, 0.116267 0.611672 1 0.101732 0.676206 1;
6620, 0.116267 0.611672 1 0.101732 0.676206 1;
6630, 0.116267 0.611672 1 0.101732 0.676206 1;
6640, 0.116267 0.611672 1 0.101732 0.676206 1;
6650, 0.116267 0.611672 1 0.101732 0.676206 1;
6660, 0.116267 0.611672 1 0.101732 0.676206 1;
6670, 0.116267 0.612608 1 0.101732 0.676206 1;
6680, 0.116267 0.612608 1 0.101732 0.676206 1;
6690, 0.116267 0.612608 1 0.101732 0.676206 1;
6700, 0.116267 0.612608 1 0.101732 0.676206 1;
6710, 0.116267 0.612608 1 0.101732 0.676206 1;
6720, 0.116267 0.612608 1 0.101732 0.676206 1;
6730, 0.116267 0.612608 1 0.101732 0.676206 1;
6740, 0.116267 0.612608 1 0.101732 0.676206 1;
6750, 0.116267 0.612608 1 0.101732 0.676206 1;
6760, 0.116267 0.612608 1 0.101732 0.676206 1;
6770, 0.116267 0.612608 1 0.101732 0.676206 1;
6780, 0.116793 0.614478 1 0.101732 0.676206 1;
6790, 0.116793 0.614478 1 0.101732 0.676206 1;
6800, 0.116793 0.614478 1 0.101732 0.676206 1;
6810, 0.116793 0.614478 1 0.101732 0.676206 1;
6820, 0.116793 0.614478 1 0.101732 0.676206 1;
6830, 0.117319 0.615413 1 0.101732 0.676206 1;
6840, 0.117319 0.615413 1 0.101732 0.676206 1;
6850, 0.117319 0.616349 1 0.102582 0.676206 1;
6860, 0.117319 0.616349 1 0.102582 0.676206 1;
6870, 0.117319 0.616349 1 0.102582 0.676206 1;
6880, 0.117319 0.619155 1 0.102582 0.676206 1;
6890, 0.117319 0.619155 1 0.102582 0.676206 1;
6900, 0.117319 0.619155 1 0.102582 0.676206 1;
6910, 0.117319 0.62196 1 0.102582 0.677267 1;
6920, 0.117319 0.62196 1 0.102582 0.677267 1;
6930, 0.117319 0.623831 1 0.102582 0.677267 1;
6940, 0.117319 0.624766 1 0.102582 0.677267 1;
6950, 0.117319 0.624766 1 0.102582 0.677267 1;
6960, 0.117319 0.625701 1 0.102582 0.678329 1;
6970, 0.117319 0.625701 1 0.102582 0.678329 1;
6980, 0.117319 0.625701 1 0.103431 0.67939 1;
6990, 0.117319 0.627572 1 0.103431 0.67939 1;
7000, 0.117319 0.627572 1 0.103431 0.67939 1;
7010, 0.116793 0.632248 1 0.103431 0.680452 1;
7020, 0.116793 0.63599 1 0.103431 0.680452 1;
7030, 0.116793 0.63599 1 0.103431 0.680452 1;
7040, 0.116267 0.640666 1 0.103431 0.680452 1;
7050, 0.116267 0.642537 1 0.103431 0.680452 1;
7060, 0.116267 0.642537 1 0.103431 0.680452 1;
7070, 0.116267 0.643472 1 0.10428 0.681513 1;
7080, 0.116267 0.643472 1 0.10428 0.681513 1;
7090, 0.116267 0.643472 1 0.10428 0.681513 1;
7100, 0.116267 0.643472 1 0.10428 0.681513 1;
7110, 0.116267 0.645342 1 0.10428 0.681513 1;
7120, 0.116267 0.645342 1 0.10428 0.682575 1;
7130, 0.116267 0.645342 1 0.10428 0.682575 1;
7140, 0.116267 0.646278 1 0.10428 0.682575 1;
7150, 0.116267 0.646278 1 0.105129 0.683636 1;
7160, 0.116267 0.646278 1 0.105129 0.683636 1;
7170, 0.116267 0.646278 1 0.105129 0.683636 1;
7180, 0.116267 0.646278 1 0.105129 0.684698 1;
7190, 0.116267 0.647213 1 0.105129 0.684698 1;
7200, 0.116267 0.647213 1 0.105129 0.684698 1;
7210, 0.116267 0.647213 1 0.105129 0.686821 1;
7220, 0.116793 0.649083 1 0.105978 0.687882 1;
7230, 0.116793 0.649083 1 0.105978 0.687882 1;
7240, 0.116793 0.649083 1 0.105978 0.688944 1;
7250, 0.116793 0.651889 1 0.105978 0.688944 1;
7260, 0.116793 0.651889 1 0.105978 0.690005 1;
7270, 0.116793 0.651889 1 0.105978 0.690005 1;
7280, 0.116793 0.654695 1 0.106827 0.692128 1;
7290, 0.116793 0.65563 1 0.106827 0.692128 1;
7300, 0.116793 0.65563 1 0.106827 0.692128 1;
7310, 0.117319 0.658436 1 0.106827 0.694251 1;
7320, 0.117319 0.660307 1 0.106827 0.694251 1;
7330, 0.117319 0.662177 1 0.106827 0.694251 1;
7340, 0.117319 0.662177 1 0.108526 0.697435 1;
7350, 0.117319 0.664983 1 0.108526 0.697435 1;
7360, 0.117845 0.666854 1 0.108526 0.697435 1;
7370, 0.117845 0.666854 1 0.108526 0.697435 1;
7380, 0.117845 0.67153 1 0.108526 0.698497 1;
7390, 0.117845 0.67153 1 0.108526 0.698497 1;
7400, 0.117845 0.67153 1 0.108526 0.698497 1;
7410, 0.118371 0.673401 1 0.109375 0.699558 1;
7420, 0.118371 0.675271 1 0.109375 0.699558 1;
7430, 0.118897 0.676207 1 0.109375 0.699558 1;
7440, 0.118897 0.676207 1 0.109375 0.699558 1;
7450, 0.118897 0.676207 1 0.109375 0.699558 1;
7460, 0.119423 0.679012 1 0.109375 0.699558 1;
7470, 0.119423 0.679012 1 0.109375 0.699558 1;
7480, 0.119949 0.681818 1 0.109375 0.699558 1;
7490, 0.120476 0.682753 1 0.109375 0.699558 1;
7500, 0.120476 0.682753 1 0.109375 0.699558 1;
7510, 0.121002 0.685559 1 0.109375 0.699558 1;
7520, 0.121528 0.686495 1 0.109375 0.699558 1;
7530, 0.121528 0.686495 1 0.109375 0.699558 1;
7540, 0.121528 0.688365 1 0.109375 0.699558 1;
7550, 0.122054 0.6893 1 0.109375 0.699558 1;
7560, 0.122054 0.691171 1 0.109375 0.699558 1;
7570, 0.122054 0.691171 1 0.109375 0.699558 1;
7580, 0.12258 0.693977 1 0.109375 0.699558 1;
7590, 0.123106 0.694912 1 0.109375 0.699558 1;
7600, 0.123106 0.694912 1 0.109375 0.699558 1;
7610, 0.124158 0.696783 1 0.109375 0.699558 1;
7620, 0.12521 0.699589 1 0.109375 0.699558 1;
7630, 0.12521 0.699589 1 0.109375 0.699558 1;
7640, 0.125737 0.702394 1 0.109375 0.699558 1;
7650, 0.126263 0.704265 1 0.109375 0.699558 1;
7660, 0.126789 0.706135 1 0.109375 0.699558 1;
7670, 0.126789 0.706135 1 0.109375 0.699558 1;
7680, 0.128367 0.711747 1 0.109375 0.699558 1;
7690, 0.128367 0.712682 1 0.109375 0.699558 1;
7700, 0.128367 0.712682 1 0.109375 0.699558 1;
7710, 0.129419 0.715488 1 0.109375 0.699558 1;
7720, 0.129419 0.717359 1 0.109375 0.699558 1;
7730, 0.129419 0.719229 1 0.109375 0.699558 1;
7740, 0.129419 0.719229 1 0.109375 0.699558 1;
7750, 0.130471 0.724841 1 0.109375 0.699558 1;
7760, 0.130471 0.725776 1 0.109375 0.699558 1;
7770, 0.130471 0.725776 1 0.109375 0.699558 1;
7780, 0.130997 0.728582 1 0.109375 0.699558 1;
7790, 0.131524 0.732323 1 0.109375 0.699558 1;
7800, 0.131524 0.732323 1 0.109375 0.699558 1;
7810, 0.131524 0.736064 1 0.109375 0.699558 1;
7820, 0.131524 0.736064 1 0.109375 0.699558 1;
7830, 0.131524 0.737935 1 0.109375 0.699558 1;
7840, 0.13205 0.740741 1 0.109375 0.699558 1;
7850, 0.13205 0.741676 1 0.109375 0.699558 1;
7860, 0.13205 0.741676 1 0.109375 0.699558 1;
7870, 0.13205 0.741676 1 0.109375 0.699558 1;
7880, 0.131524 0.746352 1 0.109375 0.699558 1;
7890, 0.131524 0.746352 1 0.109375 0.699558 1;
7900, 0.130997 0.748223 1 0.109375 0.699558 1;
7910, 0.130997 0.749158 1 0.109375 0.699558 1;
7920, 0.130997 0.749158 1 0.109375 0.699558 1;
7930, 0.130997 0.749158 1 0.109375 0.699558 1;
7940, 0.130471 0.750094 1 0.109375 0.699558 1;
7950, 0.130471 0.750094 1 0.109375 0.699558 1;
7960, 0.130471 0.750094 1 0.109375 0.699558 1;
7970, 0.130471 0.750094 1 0.109375 0.699558 1;
7980, 0.130471 0.750094 1 0.108526 0.699558 1;
7990, 0.130471 0.750094 1 0.108526 0.699558 1;
8000, 0.130471 0.750094 1 0.108526 0.699558 1;
8010, 0.130471 0.750094 1 0.108526 0.699558 1;
8020, 0.130471 0.750094 1 0.108526 0.699558 1;
8030, 0.130471 0.750094 1 0.107677 0.699558 1;
8040, 0.130471 0.750094 1 0.107677 0.699558 1;
8050, 0.129945 0.750094 1 0.107677 0.699558 1;
8060, 0.129945 0.750094 1 0.107677 0.699558 1;
8070, 0.129945 0.750094 1 0.106827 0.699558 1;
8080, 0.129419 0.749158 1 0.106827 0.699558 1;
8090, 0.129419 0.749158 1 0.106827 0.699558 1;
8100, 0.129419 0.749158 1 0.106827 0.699558 1;
8110, 0.129419 0.747288 1 0.106827 0.699558 1;
8120, 0.129419 0.747288 1 0.105978 0.70062 1;
8130, 0.129419 0.747288 1 0.105978 0.70062 1;
8140, 0.129419 0.747288 1 0.105978 0.70062 1;
8150, 0.129419 0.746352 1 0.105978 0.70062 1;
8160, 0.129419 0.746352 1 0.105978 0.70062 1;
8170, 0.129419 0.746352 1 0.105129 0.70062 1;
8180, 0.129419 0.744482 1 0.105129 0.70062 1;
8190, 0.129419 0.744482 1 0.105129 0.70062 1;
8200, 0.129419 0.743547 1 0.105129 0.70062 1;
8210, 0.128893 0.742611 1 0.105129 0.70062 1;
8220, 0.128893 0.740741 1 0.105129 0.701681 1;
8230, 0.128367 0.73887 1 0.105129 0.701681 1;
8240, 0.128367 0.73887 1 0.105129 0.701681 1;
8250, 0.127315 0.735129 1 0.105129 0.701681 1;
8260, 0.127315 0.733259 1 0.105129 0.701681 1;
8270, 0.127315 0.733259 1 0.105129 0.701681 1;
8280, 0.125737 0.726712 1 0.10428 0.701681 1;
8290, 0.125737 0.725776 1 0.10428 0.701681 1;
8300, 0.12521 0.723906 1 0.10428 0.701681 1;
8310, 0.124684 0.7211 1 0.10428 0.701681 1;
8320, 0.124158 0.717359 1 0.10428 0.701681 1;
8330, 0.124158 0.716424 1 0.10428 0.701681 1;
8340, 0.123106 0.712682 1 0.103431 0.702743 1;
8350, 0.123106 0.712682 1 0.103431 0.702743 1;
8360, 0.123106 0.710812 1 0.103431 0.702743 1;
8370, 0.123106 0.710812 1 0.103431 0.702743 1;
8380, 0.122054 0.706135 1 0.103431 0.702743 1;
8390, 0.122054 0.704265 1 0.103431 0.702743 1;
8400, 0.122054 0.70333 1 0.103431 0.702743 1;
8410, 0.122054 0.701459 1 0.103431 0.702743 1;
8420, 0.121528 0.700524 1 0.103431 0.702743 1;
8430, 0.121528 0.698653 1 0.103431 0.702743 1;
8440, 0.121528 0.698653 1 0.103431 0.702743 1;
8450, 0.121002 0.695847 1 0.103431 0.702743 1;
8460, 0.121002 0.694912 1 0.103431 0.702743 1;
8470, 0.121002 0.694912 1 0.103431 0.702743 1;
8480, 0.121002 0.692106 1 0.103431 0.702743 1;
8490, 0.121002 0.692106 1 0.103431 0.702743 1;
8500, 0.121002 0.692106 1 0.103431 0.702743 1;
8510, 0.120476 0.690236 1 0.103431 0.702743 1;
8520, 0.120476 0.6893 1 0.103431 0.702743 1;
8530, 0.120476 0.6893 1 0.103431 0.702743 1;
8540, 0.120476 0.6893 1 0.103431 0.702743 1;
8550, 0.119949 0.686495 1 0.103431 0.702743 1;
8560, 0.119949 0.685559 1 0.103431 0.702743 1;
8570, 0.119949 0.685559 1 0.103431 0.702743 1;
8580, 0.119423 0.683689 1 0.103431 0.702743 1;
8590, 0.119423 0.682753 1 0.103431 0.702743 1;
8600, 0.119423 0.682753 1 0.103431 0.702743 1;
8610, 0.119423 0.680883 1 0.102582 0.702743 1;
8620, 0.119423 0.679948 1 0.102582 0.702743 1;
8630, 0.119423 0.679948 1 0.102582 0.702743 1;
8640, 0.118897 0.678077 1 0.102582 0.702743 1;
8650, 0.118897 0.677142 1 0.102582 0.702743 1;
8660, 0.118897 0.677142 1 0.102582 0.702743 1;
8670, 0.118897 0.677142 1 0.102582 0.702743 1;
8680, 0.118897 0.676207 1 0.102582 0.702743 1;
8690, 0.118371 0.674336 1 0.102582 0.702743 1;
8700, 0.118371 0.674336 1 0.102582 0.702743 1;
8710, 0.118371 0.673401 1 0.102582 0.702743 1;
8720, 0.118371 0.672465 1 0.102582 0.702743 1;
8730, 0.118371 0.672465 1 0.102582 0.702743 1;
8740, 0.118371 0.672465 1 0.102582 0.702743 1;
8750, 0.118371 0.670595 1 0.102582 0.702743 1;
8760, 0.118371 0.670595 1 0.102582 0.702743 1;
8770, 0.118371 0.670595 1 0.102582 0.702743 1;
8780, 0.118371 0.66966 1 0.102582 0.702743 1;
8790, 0.118371 0.66966 1 0.102582 0.702743 1;
8800, 0.118371 0.66966 1 0.102582 0.702743 1;
8810, 0.118371 0.66966 1 0.102582 0.702743 1;
8820, 0.118371 0.668724 1 0.102582 0.702743 1;
8830, 0.118371 0.668724 1 0.102582 0.702743 1;
8840, 0.118371 0.668724 1 0.102582 0.702743 1;
8850, 0.118371 0.668724 1 0.102582 0.702743 1;
8860, 0.118371 0.668724 1 0.102582 0.702743 1;
8870, 0.118371 0.668724 1 0.102582 0.702743 1;
8880, 0.118371 0.668724 1 0.102582 0.702743 1;
8890, 0.118371 0.668724 1 0.102582 0.702743 1;
8900, 0.118371 0.668724 1 0.102582 0.702743 1;
8910, 0.117845 0.666854 1 0.102582 0.702743 1;
8920, 0.117845 0.666854 1 0.102582 0.702743 1;
8930, 0.117845 0.666854 1 0.102582 0.702743 1;
8940, 0.117845 0.666854 1 0.102582 0.702743 1;
8950, 0.117845 0.666854 1 0.102582 0.702743 1;
8960, 0.117845 0.666854 1 0.102582 0.702743 1;
8970, 0.117845 0.666854 1 0.102582 0.702743 1;
8980, 0.117845 0.666854 1 0.102582 0.702743 1;
8990, 0.117845 0.666854 1 0.102582 0.702743 1;
9000, 0.117845 0.666854 1 0.102582 0.702743 1;
9010, 0.117845 0.666854 1 0.102582 0.70062 1;
9020, 0.117845 0.666854 1 0.102582 0.70062 1;
9030, 0.117845 0.666854 1 0.102582 0.70062 1;
9040, 0.117845 0.666854 1 0.102582 0.70062 1;
9050, 0.117845 0.666854 1 0.102582 0.70062 1;
9060, 0.117845 0.665918 1 0.102582 0.70062 1;
9070, 0.117845 0.665918 1 0.102582 0.70062 1;
9080, 0.117845 0.665918 1 0.102582 0.70062 1;
9090, 0.117845 0.665918 1 0.102582 0.70062 1;
9100, 0.117845 0.665918 1 0.102582 0.70062 1;
9110, 0.117845 0.665918 1 0.102582 0.70062 1;
9120, 0.117845 0.665918 1 0.102582 0.70062 1;
9130, 0.117845 0.665918 1 0.101732 0.699558 1;
9140, 0.117845 0.665918 1 0.101732 0.699558 1;
9150, 0.117845 0.665918 1 0.101732 0.699558 1;
9160, 0.117845 0.665918 1 0.101732 0.699558 1;
9170, 0.117845 0.665918 1 0.101732 0.699558 1;
9180, 0.117845 0.665918 1 0.101732 0.699558 1;
9190, 0.117845 0.664983 1 0.101732 0.699558 1;
9200, 0.117845 0.664983 1 0.101732 0.699558 1;
9210, 0.117845 0.664983 1 0.101732 0.699558 1;
9220, 0.117845 0.664983 1 0.101732 0.699558 1;
9230, 0.117845 0.664983 1 0.101732 0.699558 1;
9240, 0.117845 0.664983 1 0.101732 0.699558 1;
9250, 0.117845 0.664983 1 0.101732 0.699558 1;
9260, 0.117845 0.664983 1 0.101732 0.699558 1;
9270, 0.117845 0.664983 1 0.101732 0.699558 1;
9280, 0.117845 0.664983 1 0.101732 0.699558 1;
9290, 0.117845 0.663113 1 0.101732 0.699558 1;
9300, 0.117845 0.663113 1 0.101732 0.699558 1;
9310, 0.117845 0.663113 1 0.101732 0.699558 1;
9320, 0.117845 0.663113 1 0.101732 0.699558 1;
9330, 0.117845 0.663113 1 0.101732 0.699558 1;
9340, 0.117845 0.663113 1 0.101732 0.699558 1;
9350, 0.117319 0.662177 1 0.101732 0.699558 1;
9360, 0.117319 0.662177 1 0.101732 0.699558 1;
9370, 0.117319 0.662177 1 0.101732 0.699558 1;
9380, 0.117319 0.660307 1 0.101732 0.699558 1;
9390, 0.117319 0.660307 1 0.101732 0.699558 1;
9400, 0.117319 0.659372 1 0.101732 0.699558 1;
9410, 0.117319 0.659372 1 0.101732 0.699558 1;
9420, 0.116793 0.658436 1 0.101732 0.699558 1;
9430, 0.116793 0.658436 1 0.101732 0.699558 1;
9440, 0.116267 0.657501 1 0.101732 0.699558 1;
9450, 0.116267 0.657501 1 0.101732 0.699558 1;
9460, 0.116267 0.65563 1 0.101732 0.699558 1;
9470, 0.116267 0.65563 1 0.101732 0.699558 1;
9480, 0.116267 0.654695 1 0.101732 0.699558 1;
9490, 0.115741 0.65376 1 0.101732 0.699558 1;
9500, 0.115741 0.65376 1 0.101732 0.699558 1;
9510, 0.115741 0.649083 1 0.101732 0.699558 1;
9520, 0.115741 0.649083 1 0.101732 0.699558 1;
9530, 0.115741 0.649083 1 0.101732 0.699558 1;
9540, 0.115741 0.649083 1 0.101732 0.699558 1;
9550, 0.115215 0.647213 1 0.101732 0.699558 1;
9560, 0.114689 0.646278 1 0.101732 0.699558 1;
9570, 0.114689 0.646278 1 0.101732 0.699558 1;
9580, 0.114162 0.645342 1 0.101732 0.699558 1;
9590, 0.114162 0.645342 1 0.101732 0.699558 1;
9600, 0.114162 0.642537 1 0.101732 0.699558 1;
9610, 0.114162 0.636925 1 0.101732 0.699558 1;
9620, 0.113636 0.635054 1 0.101732 0.699558 1;
9630, 0.113636 0.633184 1 0.101732 0.699558 1;
9640, 0.113636 0.633184 1 0.101732 0.699558 1;
9650, 0.113636 0.631313 1 0.101732 0.699558 1;
9660, 0.11311 0.629443 1 0.101732 0.699558 1;
9670, 0.11311 0.629443 1 0.101732 0.699558 1;
9680, 0.11311 0.628507 1 0.101732 0.699558 1;
9690, 0.11311 0.628507 1 0.101732 0.699558 1;
9700, 0.112584 0.627572 1 0.101732 0.699558 1;
9710, 0.112584 0.627572 1 0.101732 0.699558 1;
9720, 0.112058 0.626637 1 0.101732 0.699558 1;
9730, 0.112058 0.626637 1 0.101732 0.699558 1;
9740, 0.112058 0.626637 1 0.101732 0.699558 1;
9750, 0.111532 0.624766 1 0.101732 0.699558 1;
9760, 0.111532 0.624766 1 0.101732 0.698497 1;
9770, 0.111532 0.624766 1 0.101732 0.698497 1;
9780, 0.111532 0.624766 1 0.100883 0.697435 1;
9790, 0.111532 0.624766 1 0.100883 0.697435 1;
9800, 0.111532 0.624766 1 0.100883 0.697435 1;
9810, 0.111532 0.624766 1 0.100034 0.696374 1;
9820, 0.111532 0.624766 1 0.100034 0.694251 1;
9830, 0.111532 0.624766 1 0.099185 0.694251 1;
9840, 0.111532 0.624766 1 0.099185 0.694251 1;
9850, 0.111532 0.624766 1 0.098336 0.691067 1;
9860, 0.111532 0.624766 1 0.097486 0.690005 1;
9870, 0.111532 0.624766 1 0.097486 0.690005 1;
9880, 0.111532 0.624766 1 0.096637 0.687882 1;
9890, 0.111532 0.624766 1 0.095788 0.685759 1;
9900, 0.111532 0.624766 1 0.095788 0.685759 1;
9910, 0.111532 0.624766 1 0.09409 0.682575 1;
9920, 0.111532 0.624766 1 0.09409 0.681513 1;
9930, 0.111532 0.624766 1 0.09409 0.67939 1;
9940, 0.111532 0.624766 1 0.091542 0.673021 1;
9950, 0.111532 0.624766 1 0.091542 0.673021 1;
9960, 0.111532 0.624766 1 0.090693 0.669837 1;
9970, 0.111532 0.624766 1 0.090693 0.669837 1;
9980, 0.111532 0.624766 1 0.088995 0.66453 1;
9990, 0.111532 0.624766 1 0.088145 0.661345 1;
10000, 0.111532 0.624766 1 0.088145 0.659222 1;
10010, 0.111532 0.624766 1 0.087296 0.657099 1;
10020, 0.111532 0.624766 1 0.086447 0.653915 1;
10030, 0.111532 0.624766 1 0.086447 0.652853 1;
10040, 0.111532 0.624766 1 0.085598 0.65073 1;
10050, 0.111532 0.624766 1 0.085598 0.649669 1;
10060, 0.111532 0.624766 1 0.085598 0.648607 1;
10070, 0.111532 0.624766 1 0.085598 0.648607 1;
10080, 0.111532 0.624766 1 0.084749 0.645423 1;
10090, 0.111532 0.624766 1 0.084749 0.644361 1;
10100, 0.111532 0.624766 1 0.084749 0.644361 1;
10110, 0.111532 0.624766 1 0.083899 0.6433 1;
10120, 0.111532 0.624766 1 0.083899 0.6433 1;
10130, 0.111532 0.624766 1 0.083899 0.642238 1;
10140, 0.111532 0.623831 1 0.083899 0.642238 1;
10150, 0.111532 0.623831 1 0.083899 0.641177 1;
10160, 0.111532 0.623831 1 0.083899 0.641177 1;
10170, 0.111532 0.623831 1 0.083899 0.641177 1;
10180, 0.111006 0.62196 1 0.083899 0.641177 1;
10190, 0.111006 0.62009 1 0.083899 0.641177 1;
10200, 0.111006 0.62009 1 0.083899 0.641177 1;
10210, 0.11048 0.617284 1 0.08305 0.640115 1;
10220, 0.11048 0.615413 1 0.08305 0.640115 1;
10230, 0.109954 0.612608 1 0.08305 0.640115 1;
10240, 0.109954 0.612608 1 0.08305 0.640115 1;
10250, 0.109954 0.607931 1 0.08305 0.640115 1;
10260, 0.109428 0.605125 1 0.08305 0.640115 1;
10270, 0.109428 0.605125 1 0.08305 0.640115 1;
10280, 0.109428 0.601384 1 0.08305 0.640115 1;
10290, 0.108902 0.598578 1 0.08305 0.640115 1;
10300, 0.108902 0.598578 1 0.08305 0.640115 1;
10310, 0.108902 0.594837 1 0.08305 0.640115 1;
10320, 0.108375 0.593902 1 0.08305 0.640115 1;
10330, 0.108375 0.592031 1 0.08305 0.637993 1;
10340, 0.108375 0.592031 1 0.08305 0.637993 1;
10350, 0.108375 0.589226 1 0.08305 0.637993 1;
10360, 0.107849 0.58829 1 0.08305 0.637993 1;
10370, 0.107849 0.58829 1 0.08305 0.637993 1;
10380, 0.107849 0.58642 1 0.08305 0.637993 1;
10390, 0.107849 0.585484 1 0.08305 0.637993 1;
10400, 0.107849 0.585484 1 0.08305 0.637993 1;
10410, 0.107849 0.585484 1 0.08305 0.637993 1;
10420, 0.107849 0.582679 1 0.08305 0.637993 1;
10430, 0.107849 0.582679 1 0.08305 0.637993 1;
10440, 0.107849 0.582679 1 0.08305 0.637993 1;
10450, 0.107323 0.579873 1 0.08305 0.637993 1;
10460, 0.107323 0.578002 1 0.08305 0.636931 1;
10470, 0.107323 0.578002 1 0.08305 0.636931 1;
10480, 0.107323 0.576132 1 0.08305 0.63587 1;
10490, 0.107323 0.576132 1 0.08305 0.63587 1;
10500, 0.107323 0.576132 1 0.08305 0.63587 1;
10510, 0.107323 0.574261 1 0.08305 0.632685 1;
10520, 0.107323 0.572391 1 0.08305 0.632685 1;
10530, 0.107323 0.572391 1 0.08305 0.632685 1;
10540, 0.107323 0.572391 1 0.08305 0.630562 1;
10550, 0.106797 0.57052 1 0.08305 0.630562 1;
10560, 0.106797 0.57052 1 0.08305 0.630562 1;
10570, 0.106797 0.568649 1 0.08305 0.630562 1;
10580, 0.106797 0.567714 1 0.08305 0.629501 1;
10590, 0.106797 0.567714 1 0.08305 0.628439 1;
10600, 0.106797 0.567714 1 0.08305 0.628439 1;
10610, 0.106797 0.567714 1 0.08305 0.628439 1;
10620, 0.106797 0.565844 1 0.08305 0.628439 1;
10630, 0.106797 0.564908 1 0.082201 0.626316 1;
10640, 0.106797 0.564908 1 0.082201 0.626316 1;
10650, 0.106797 0.564908 1 0.082201 0.626316 1;
10660, 0.106797 0.563973 1 0.082201 0.626316 1;
10670, 0.106797 0.563973 1 0.082201 0.626316 1;
10680, 0.106797 0.563973 1 0.082201 0.626316 1;
10690, 0.106797 0.563973 1 0.082201 0.626316 1;
10700, 0.106797 0.563973 1 0.082201 0.626316 1;
10710, 0.106797 0.563973 1 0.082201 0.626316 1;
10720, 0.106797 0.562103 1 0.082201 0.626316 1;
10730, 0.106797 0.562103 1 0.082201 0.626316 1;
10740, 0.106797 0.562103 1 0.082201 0.626316 1;
10750, 0.106797 0.562103 1 0.082201 0.626316 1;
10760, 0.106797 0.562103 1 0.082201 0.626316 1;
10770, 0.106797 0.562103 1 0.082201 0.626316 1;
10780, 0.106797 0.562103 1 0.082201 0.626316 1;
10790, 0.106797 0.562103 1 0.082201 0.626316 1;
10800, 0.106797 0.562103 1 0.082201 0.626316 1;
10810, 0.106797 0.562103 1 0.082201 0.626316 1;
10820, 0.106797 0.562103 1 0.082201 0.626316 1;
10830, 0.106797 0.562103 1 0.082201 0.626316 1;
10840, 0.106797 0.562103 1 0.082201 0.626316 1;
10850, 0.106797 0.562103 1 0.082201 0.626316 1;
10860, 0.106797 0.562103 1 0.082201 0.626316 1;
10870, 0.106797 0.562103 1 0.082201 0.626316 1;
10880, 0.107323 0.561167 1 0.082201 0.626316 1;
10890, 0.107323 0.561167 1 0.082201 0.626316 1;
10900, 0.107323 0.561167 1 0.082201 0.626316 1;
10910, 0.107323 0.561167 1 0.082201 0.626316 1;
10920, 0.107323 0.561167 1 0.082201 0.626316 1;
10930, 0.107323 0.561167 1 0.082201 0.626316 1;
10940, 0.107323 0.561167 1 0.08305 0.625255 1;
10950, 0.107323 0.561167 1 0.08305 0.625255 1;
10960, 0.107323 0.561167 1 0.08305 0.625255 1;
10970, 0.107323 0.561167 1 0.08305 0.625255 1;
10980, 0.107323 0.561167 1 0.08305 0.625255 1;
10990, 0.107323 0.561167 1 0.08305 0.625255 1;
11000, 0.107323 0.561167 1 0.08305 0.625255 1;
11010, 0.108375 0.562103 1 0.08305 0.625255 1;
11020, 0.108375 0.562103 1 0.083899 0.626316 1;
11030, 0.108375 0.562103 1 0.083899 0.626316 1;
11040, 0.108375 0.562103 1 0.083899 0.626316 1;
11050, 0.108375 0.562103 1 0.083899 0.627378 1;
11060, 0.108375 0.562103 1 0.083899 0.627378 1;
11070, 0.108375 0.562103 1 0.083899 0.627378 1;
11080, 0.108375 0.562103 1 0.083899 0.627378 1;
11090, 0.108375 0.562103 1 0.083899 0.627378 1;
11100, 0.108375 0.562103 1 0.084749 0.627378 1;
11110, 0.108902 0.563038 1 0.084749 0.627378 1;
11120, 0.108902 0.563038 1 0.084749 0.627378 1;
11130, 0.108902 0.563038 1 0.084749 0.627378 1;
11140, 0.108902 0.563038 1 0.084749 0.627378 1;
11150, 0.108902 0.563038 1 0.085598 0.628439 1;
11160, 0.108902 0.563038 1 0.085598 0.628439 1;
11170, 0.108902 0.563038 1 0.085598 0.628439 1;
11180, 0.108902 0.563038 1 0.085598 0.629501 1;
11190, 0.108902 0.563038 1 0.085598 0.629501 1;
11200, 0.108902 0.563038 1 0.085598 0.629501 1;
11210, 0.108902 0.563038 1 0.085598 0.630562 1;
11220, 0.108902 0.563038 1 0.085598 0.630562 1;
11230, 0.108902 0.563038 1 0.085598 0.630562 1;
11240, 0.108902 0.563038 1 0.086447 0.632685 1;
11250, 0.108902 0.563038 1 0.086447 0.632685 1;
11260, 0.108902 0.563038 1 0.086447 0.633747 1;
11270, 0.108902 0.563038 1 0.086447 0.633747 1;
11280, 0.108902 0.563038 1 0.086447 0.634808 1;
11290, 0.108902 0.563038 1 0.086447 0.634808 1;
11300, 0.108902 0.563038 1 0.086447 0.63587 1;
11310, 0.108902 0.563038 1 0.086447 0.63587 1;
11320, 0.108902 0.563038 1 0.086447 0.637993 1;
11330, 0.108902 0.563038 1 0.086447 0.637993 1;
11340, 0.108902 0.563038 1 0.086447 0.637993 1;
11350, 0.108902 0.563038 1 0.086447 0.637993 1;
11360, 0.108902 0.563038 1 0.086447 0.639054 1;
11370, 0.108902 0.563038 1 0.086447 0.639054 1;
11380, 0.108902 0.563038 1 0.086447 0.639054 1;
11390, 0.108902 0.563038 1 0.086447 0.639054 1;
11400, 0.108902 0.563038 1 0.086447 0.639054 1;
11410, 0.108902 0.563038 1 0.086447 0.639054 1;
11420, 0.108902 0.563038 1 0.086447 0.639054 1;
11430, 0.108902 0.563038 1 0.086447 0.639054 1;
11440, 0.108902 0.563038 1 0.086447 0.639054 1;
11450, 0.108902 0.561167 1 0.086447 0.639054 1;
11460, 0.108902 0.561167 1 0.086447 0.639054 1;
11470, 0.108902 0.561167 1 0.086447 0.639054 1;
11480, 0.108902 0.561167 1 0.086447 0.639054 1;
11490, 0.108902 0.561167 1 0.086447 0.639054 1;
11500, 0.108902 0.561167 1 0.086447 0.639054 1;
11510, 0.108902 0.561167 1 0.086447 0.639054 1;
11520, 0.108902 0.561167 1 0.086447 0.639054 1;
11530, 0.108902 0.561167 1 0.086447 0.639054 1;
11540, 0.108902 0.561167 1 0.086447 0.639054 1;
11550, 0.108902 0.561167 1 0.086447 0.639054 1;
11560, 0.108902 0.561167 1 0.086447 0.639054 1;
11570, 0.108902 0.561167 1 0.086447 0.639054 1;
11580, 0.108902 0.561167 1 0.086447 0.639054 1;
11590, 0.108902 0.561167 1 0.086447 0.639054 1;
11600, 0.108902 0.561167 1 0.086447 0.639054 1;
11610, 0.108902 0.561167 1 0.086447 0.639054 1;
11620, 0.108902 0.561167 1 0.086447 0.639054 1;
11630, 0.108902 0.561167 1 0.086447 0.639054 1;
11640, 0.108902 0.561167 1 0.086447 0.639054 1;
11650, 0.108902 0.561167 1 0.086447 0.639054 1;
11660, 0.108902 0.561167 1 0.086447 0.639054 1;
11670, 0.108902 0.561167 1 0.086447 0.639054 1;
11680, 0.108902 0.561167 1 0.086447 0.639054 1;
11690, 0.108902 0.561167 1 0.086447 0.639054 1;
11700, 0.108902 0.561167 1 0.086447 0.639054 1;
11710, 0.108902 0.561167 1 0.086447 0.639054 1;
11720, 0.108902 0.561167 1 0.086447 0.639054 1;
11730, 0.108902 0.561167 1 0.086447 0.639054 1;
11740, 0.108902 0.561167 1 0.086447 0.639054 1;
11750, 0.108902 0.561167 1 0.086447 0.639054 1;
11760, 0.108902 0.561167 1 0.086447 0.639054 1;
11770, 0.108902 0.561167 1 0.086447 0.639054 1;
11780, 0.108902 0.561167 1 0.086447 0.639054 1;
11790, 0.108902 0.561167 1 0.086447 0.639054 1;
11800, 0.108902 0.561167 1 0.086447 0.639054 1;
11810, 0.108902 0.561167 1 0.086447 0.639054 1;
11820, 0.108902 0.561167 1 0.086447 0.639054 1;
11830, 0.108902 0.561167 1 0.086447 0.639054 1;
11840, 0.108902 0.561167 1 0.086447 0.639054 1;
11850, 0.108902 0.561167 1 0.086447 0.639054 1;
11860, 0.108902 0.561167 1 0.086447 0.639054 1;
11870, 0.108902 0.561167 1 0.086447 0.639054 1;
11880, 0.108902 0.561167 1 0.086447 0.639054 1;
11890, 0.108902 0.561167 1 0.086447 0.639054 1;
11900, 0.108902 0.561167 1 0.086447 0.639054 1;
11910, 0.108902 0.561167 1 0.086447 0.639054 1;
11920, 0.108902 0.561167 1 0.086447 0.639054 1;
11930, 0.108902 0.561167 1 0.086447 0.639054 1;
11940, 0.108902 0.561167 1 0.086447 0.639054 1;
11950, 0.108902 0.561167 1 0.086447 0.639054 1;
11960, 0.108902 0.561167 1 0.086447 0.639054 1;
11970, 0.108902 0.561167 1 0.086447 0.639054 1;
11980, 0.108902 0.561167 1 0.086447 0.639054 1;
11990, 0.108902 0.561167 1 0.086447 0.639054 1;
12000, 0.108902 0.561167 1 0.086447 0.639054 1;
12010, 0.108902 0.561167 1 0.086447 0.639054 1;
12020, 0.108902 0.561167 1 0.086447 0.639054 1;
12030, 0.108902 0.561167 1 0.086447 0.639054 1;
12040, 0.108902 0.561167 1 0.086447 0.639054 1;
12050, 0.108902 0.561167 1 0.086447 0.639054 1;
12060, 0.108902 0.561167 1 0.086447 0.639054 1;
12070, 0.108902 0.561167 1 0.086447 0.639054 1;
12080, 0.108902 0.561167 1 0.086447 0.639054 1;
12090, 0.108902 0.561167 1 0.086447 0.639054 1;
12100, 0.108902 0.561167 1 0.086447 0.639054 1;
12110, 0.108902 0.561167 1 0.086447 0.639054 1;
12120, 0.108902 0.561167 1 0.086447 0.639054 1;
12130, 0.108902 0.561167 1 0.086447 0.639054 1;
12140, 0.108902 0.561167 1 0.086447 0.639054 1;
12150, 0.108902 0.561167 1 0.086447 0.639054 1;
12160, 0.108902 0.561167 1 0.086447 0.639054 1;
12170, 0.108902 0.561167 1 0.086447 0.639054 1;
12180, 0.108902 0.561167 1 0.086447 0.639054 1;
12190, 0.108902 0.561167 1 0.086447 0.639054 1;
12200, 0.108902 0.561167 1 0.086447 0.639054 1;
12210, 0.108902 0.561167 1 0.086447 0.639054 1;
12220, 0.108902 0.561167 1 0.086447 0.639054 1;
12230, 0.108902 0.561167 1 0.086447 0.639054 1;
12240, 0.108902 0.561167 1 0.086447 0.639054 1;
12250, 0.108902 0.561167 1 0.086447 0.639054 1;
12260, 0.108902 0.561167 1 0.086447 0.639054 1;
12270, 0.108902 0.561167 1 0.086447 0.639054 1;
12280, 0.108902 0.561167 1 0.086447 0.639054 1;
12290, 0.108902 0.561167 1 0.086447 0.639054 1;
12300, 0.108902 0.561167 1 0.086447 0.639054 1;
12310, 0.108902 0.561167 1 0.086447 0.639054 1;
12320, 0.108902 0.561167 1 0.086447 0.639054 1;
12330, 0.108902 0.561167 1 0.086447 0.639054 1;
12340, 0.108902 0.561167 1 0.086447 0.639054 1;
12350, 0.108902 0.561167 1 0.086447 0.639054 1;
12360, 0.108902 0.561167 1 0.086447 0.639054 1;
12370, 0.108902 0.561167 1 0.086447 0.639054 1;
12380, 0.108902 0.561167 1 0.086447 0.639054 1;
12390, 0.108902 0.561167 1 0.086447 0.639054 1;
12400, 0.108902 0.561167 1 0.086447 0.637993 1;
12410, 0.108902 0.561167 1 0.086447 0.637993 1;
12420, 0.108902 0.561167 1 0.086447 0.637993 1;
12430, 0.108902 0.561167 1 0.086447 0.637993 1;
12440, 0.108902 0.561167 1 0.086447 0.637993 1;
12450, 0.108902 0.561167 1 0.086447 0.637993 1;
12460, 0.108902 0.561167 1 0.086447 0.636931 1;
12470, 0.108902 0.561167 1 0.086447 0.636931 1;
12480, 0.108902 0.561167 1 0.086447 0.636931 1;
12490, 0.108902 0.561167 1 0.086447 0.636931 1;
12500, 0.108902 0.561167 1 0.086447 0.634808 1;
12510, 0.108902 0.561167 1 0.086447 0.634808 1;
12520, 0.108902 0.561167 1 0.086447 0.634808 1;
12530, 0.108902 0.561167 1 0.086447 0.634808 1;
12540, 0.108902 0.561167 1 0.086447 0.633747 1;
12550, 0.108902 0.561167 1 0.086447 0.633747 1;
12560, 0.108902 0.561167 1 0.086447 0.633747 1;
12570, 0.108902 0.561167 1 0.086447 0.633747 1;
12580, 0.108902 0.561167 1 0.086447 0.632685 1;
12590, 0.109428 0.562103 1 0.085598 0.631624 1;
12600, 0.109428 0.562103 1 0.085598 0.631624 1;
12610, 0.109428 0.562103 1 0.085598 0.631624 1;
12620, 0.109428 0.562103 1 0.085598 0.629501 1;
12630, 0.109428 0.562103 1 0.085598 0.628439 1;
12640, 0.109428 0.562103 1 0.085598 0.628439 1;
12650, 0.109428 0.562103 1 0.085598 0.625255 1;
12660, 0.109428 0.562103 1 0.085598 0.624193 1;
12670, 0.109428 0.562103 1 0.085598 0.624193 1;
12680, 0.109428 0.562103 1 0.085598 0.621009 1;
12690, 0.109428 0.562103 1 0.085598 0.619947 1;
12700, 0.109428 0.562103 1 0.085598 0.617824 1;
12710, 0.109428 0.562103 1 0.085598 0.61464 1;
12720, 0.109428 0.562103 1 0.085598 0.612517 1;
12730, 0.109428 0.562103 1 0.085598 0.612517 1;
12740, 0.109428 0.562103 1 0.085598 0.612517 1;
12750, 0.109428 0.562103 1 0.085598 0.610394 1;
12760, 0.109428 0.562103 1 0.085598 0.609333 1;
12770, 0.109428 0.562103 1 0.085598 0.60721 1;
12780, 0.109428 0.562103 1 0.085598 0.606148 1;
12790, 0.109428 0.562103 1 0.085598 0.606148 1;
12800, 0.109428 0.562103 1 0.085598 0.605087 1;
12810, 0.109428 0.562103 1 0.085598 0.604025 1;
12820, 0.109428 0.562103 1 0.085598 0.604025 1;
12830, 0.109428 0.562103 1 0.085598 0.601902 1;
12840, 0.109428 0.562103 1 0.085598 0.600841 1;
12850, 0.109428 0.562103 1 0.085598 0.600841 1;
12860, 0.109428 0.562103 1 0.085598 0.600841 1;
12870, 0.109428 0.562103 1 0.084749 0.599779 1;
12880, 0.109428 0.562103 1 0.084749 0.599779 1;
12890, 0.109428 0.562103 1 0.084749 0.598718 1;
12900, 0.109428 0.562103 1 0.084749 0.598718 1;
12910, 0.109428 0.562103 1 0.084749 0.597656 1;
12920, 0.109428 0.562103 1 0.083899 0.595533 1;
12930, 0.109428 0.562103 1 0.083899 0.594472 1;
12940, 0.109428 0.562103 1 0.083899 0.594472 1;
12950, 0.109428 0.562103 1 0.083899 0.59341 1;
12960, 0.109428 0.562103 1 0.083899 0.592349 1;
12970, 0.109428 0.562103 1 0.083899 0.592349 1;
12980, 0.109428 0.562103 1 0.083899 0.592349 1;
12990, 0.109428 0.562103 1 0.08305 0.588103 1;
13000, 0.109428 0.562103 1 0.08305 0.588103 1;
13010, 0.109428 0.562103 1 0.082201 0.584918 1;
13020, 0.109428 0.562103 1 0.082201 0.584918 1;
13030, 0.109428 0.562103 1 0.082201 0.583857 1;
13040, 0.109428 0.562103 1 0.082201 0.583857 1;
13050, 0.109428 0.562103 1 0.082201 0.582796 1;
13060, 0.109428 0.562103 1 0.082201 0.581734 1;
13070, 0.109428 0.562103 1 0.082201 0.581734 1;
13080, 0.109428 0.562103 1 0.082201 0.579611 1;
13090, 0.109428 0.562103 1 0.082201 0.579611 1;
13100, 0.109428 0.562103 1 0.082201 0.579611 1;
13110, 0.109428 0.562103 1 0.082201 0.579611 1;
13120, 0.109428 0.562103 1 0.082201 0.57855 1;
13130, 0.109428 0.562103 1 0.082201 0.57855 1;
13140, 0.109428 0.562103 1 0.082201 0.57855 1;
13150, 0.109428 0.562103 1 0.082201 0.57855 1;
13160, 0.109428 0.562103 1 0.082201 0.57855 1;
13170, 0.109428 0.562103 1 0.082201 0.57855 1;
13180, 0.109428 0.562103 1 0.082201 0.57855 1;
13190, 0.109428 0.562103 1 0.082201 0.57855 1;
13200, 0.109428 0.562103 1 0.082201 0.57855 1;
13210, 0.109428 0.562103 1 0.082201 0.57855 1;
13220, 0.109954 0.563038 1 0.082201 0.57855 1;
13230, 0.109954 0.563038 1 0.082201 0.57855 1;
13240, 0.109954 0.563038 1 0.082201 0.57855 1;
13250, 0.109954 0.563038 1 0.082201 0.57855 1;
13260, 0.109954 0.563038 1 0.082201 0.57855 1;
13270, 0.109954 0.563038 1 0.082201 0.57855 1;
13280, 0.109954 0.563038 1 0.082201 0.57855 1;
13290, 0.109954 0.563038 1 0.082201 0.57855 1;
13300, 0.109954 0.563038 1 0.082201 0.57855 1;
13310, 0.109954 0.563038 1 0.082201 0.57855 1;
13320, 0.109954 0.563973 1 0.082201 0.57855 1;
13330, 0.109954 0.563973 1 0.082201 0.57855 1;
13340, 0.109954 0.563973 1 0.082201 0.57855 1;
13350, 0.109954 0.563973 1 0.082201 0.57855 1;
13360, 0.109954 0.563973 1 0.082201 0.57855 1;
13370, 0.109954 0.563973 1 0.082201 0.57855 1;
13380, 0.109954 0.565844 1 0.082201 0.57855 1;
13390, 0.109954 0.565844 1 0.082201 0.57855 1;
13400, 0.109954 0.565844 1 0.082201 0.57855 1;
13410, 0.11048 0.568649 1 0.082201 0.57855 1;
13420, 0.11048 0.568649 1 0.082201 0.57855 1;
13430, 0.11048 0.571455 1 0.082201 0.57855 1;
13440, 0.11048 0.571455 1 0.082201 0.57855 1;
13450, 0.11048 0.574261 1 0.082201 0.57855 1;
13460, 0.11048 0.574261 1 0.082201 0.57855 1;
13470, 0.11048 0.576132 1 0.082201 0.57855 1;
13480, 0.111006 0.578938 1 0.082201 0.57855 1;
13490, 0.111006 0.579873 1 0.082201 0.57855 1;
13500, 0.111532 0.581743 1 0.082201 0.579611 1;
13510, 0.111532 0.581743 1 0.082201 0.579611 1;
13520, 0.111532 0.582679 1 0.082201 0.579611 1;
13530, 0.112058 0.583614 1 0.082201 0.579611 1;
13540, 0.112058 0.583614 1 0.082201 0.579611 1;
13550, 0.112058 0.583614 1 0.08305 0.580673 1;
13560, 0.112058 0.585484 1 0.08305 0.580673 1;
13570, 0.112058 0.585484 1 0.08305 0.580673 1;
13580, 0.112058 0.585484 1 0.08305 0.580673 1;
13590, 0.112584 0.585484 1 0.083899 0.582796 1;
13600, 0.112584 0.585484 1 0.083899 0.582796 1;
13610, 0.112584 0.585484 1 0.084749 0.583857 1;
13620, 0.112584 0.585484 1 0.084749 0.583857 1;
13630, 0.112584 0.585484 1 0.085598 0.584918 1;
13640, 0.112584 0.585484 1 0.085598 0.584918 1;
13650, 0.113636 0.58642 1 0.086447 0.58598 1;
13660, 0.113636 0.58642 1 0.087296 0.587041 1;
13670, 0.113636 0.58642 1 0.087296 0.587041 1;
13680, 0.113636 0.58642 1 0.088995 0.588103 1;
13690, 0.114162 0.58642 1 0.089844 0.588103 1;
13700, 0.114162 0.58642 1 0.089844 0.589164 1;
13710, 0.114162 0.58642 1 0.089844 0.589164 1;
13720, 0.115215 0.58642 1 0.090693 0.590226 1;
13730, 0.115741 0.58642 1 0.091542 0.590226 1;
13740, 0.115741 0.58642 1 0.091542 0.590226 1;
13750, 0.116793 0.58642 1 0.09324 0.591287 1;
13760, 0.117845 0.58642 1 0.09324 0.591287 1;
13770, 0.117845 0.58642 1 0.09409 0.591287 1;
13780, 0.119423 0.58642 1 0.095788 0.592349 1;
13790, 0.119423 0.58642 1 0.095788 0.592349 1;
13800, 0.119949 0.58642 1 0.096637 0.592349 1;
13810, 0.119949 0.58642 1 0.098336 0.59341 1;
13820, 0.122054 0.58642 1 0.100034 0.59341 1;
13830, 0.12258 0.58642 1 0.101732 0.59341 1;
13840, 0.12258 0.58642 1 0.101732 0.59341 1;
13850, 0.124684 0.585484 1 0.103431 0.594472 1;
13860, 0.125737 0.585484 1 0.105978 0.594472 1;
13870, 0.126263 0.584549 1 0.105978 0.594472 1;
13880, 0.128367 0.583614 1 0.106827 0.594472 1;
13890, 0.128367 0.583614 1 0.109375 0.594472 1;
13900, 0.129419 0.583614 1 0.109375 0.594472 1;
13910, 0.131524 0.582679 1 0.111923 0.595533 1;
13920, 0.132576 0.582679 1 0.111923 0.595533 1;
13930, 0.132576 0.582679 1 0.113621 0.595533 1;
13940, 0.133628 0.581743 1 0.11447 0.594472 1;
13950, 0.136258 0.580808 1 0.117018 0.594472 1;
13960, 0.137311 0.580808 1 0.117867 0.594472 1;
13970, 0.137837 0.579873 1 0.118716 0.594472 1;
13980, 0.137837 0.579873 1 0.121264 0.594472 1;
13990, 0.139941 0.578938 1 0.121264 0.594472 1;
14000, 0.140993 0.578938 1 0.122113 0.594472 1;
14010, 0.140993 0.578938 1 0.122113 0.594472 1;
14020, 0.14415 0.577067 1 0.123811 0.594472 1;
14030, 0.14415 0.577067 1 0.12551 0.594472 1;
14040, 0.14415 0.577067 1 0.12551 0.594472 1;
14050, 0.146254 0.576132 1 0.128057 0.594472 1;
14060, 0.148359 0.575196 1 0.128057 0.594472 1;
14070, 0.149411 0.575196 1 0.128906 0.59341 1;
14080, 0.149937 0.574261 1 0.132303 0.59341 1;
14090, 0.152041 0.573326 1 0.132303 0.592349 1;
14100, 0.152041 0.573326 1 0.133152 0.592349 1;
14110, 0.152041 0.573326 1 0.133152 0.592349 1;
14120, 0.15362 0.572391 1 0.136549 0.592349 1;
14130, 0.155198 0.571455 1 0.136549 0.591287 1;
14140, 0.155198 0.571455 1 0.136549 0.591287 1;
14150, 0.157302 0.57052 1 0.139096 0.591287 1;
14160, 0.15888 0.569585 1 0.140795 0.591287 1;
14170, 0.15888 0.569585 1 0.141644 0.591287 1;
14180, 0.15888 0.569585 1 0.143342 0.590226 1;
14190, 0.161511 0.568649 1 0.144192 0.590226 1;
14200, 0.163089 0.567714 1 0.144192 0.590226 1;
14210, 0.163089 0.567714 1 0.147588 0.589164 1;
14220, 0.16572 0.566779 1 0.147588 0.589164 1;
14230, 0.167298 0.565844 1 0.148438 0.589164 1;
14240, 0.167298 0.565844 1 0.148438 0.589164 1;
14250, 0.169928 0.564908 1 0.151834 0.589164 1;
14260, 0.170981 0.564908 1 0.151834 0.589164 1;
14270, 0.171507 0.563973 1 0.153533 0.589164 1;
14280, 0.171507 0.563973 1 0.153533 0.589164 1;
14290, 0.175189 0.562103 1 0.15608 0.589164 1;
14300, 0.176242 0.562103 1 0.15608 0.589164 1;
14310, 0.178872 0.561167 1 0.158628 0.588103 1;
14320, 0.178872 0.561167 1 0.158628 0.588103 1;
14330, 0.180976 0.560232 1 0.160326 0.588103 1;
14340, 0.180976 0.560232 1 0.160326 0.588103 1;
14350, 0.183607 0.559297 1 0.161175 0.588103 1;
14360, 0.185711 0.557426 1 0.161175 0.588103 1;
14370, 0.185711 0.557426 1 0.162024 0.588103 1;
14380, 0.188868 0.556491 1 0.162024 0.588103 1;
14390, 0.18992 0.555556 1 0.162874 0.588103 1;
14400, 0.191498 0.55462 1 0.163723 0.588103 1;
14410, 0.191498 0.55462 1 0.163723 0.588103 1;
14420, 0.194129 0.553685 1 0.163723 0.588103 1;
14430, 0.195707 0.55275 1 0.163723 0.588103 1;
14440, 0.195707 0.55275 1 0.163723 0.588103 1;
14450, 0.197285 0.551814 1 0.163723 0.588103 1;
14460, 0.198338 0.550879 1 0.163723 0.588103 1;
14470, 0.19939 0.550879 1 0.163723 0.588103 1;
14480, 0.200968 0.549944 1 0.163723 0.588103 1;
14490, 0.201494 0.549009 1 0.163723 0.588103 1;
14500, 0.202546 0.548073 1 0.163723 0.588103 1;
14510, 0.202546 0.548073 1 0.163723 0.588103 1;
14520, 0.204125 0.546203 1 0.163723 0.588103 1;
14530, 0.204125 0.545268 1 0.163723 0.588103 1;
14540, 0.204125 0.545268 1 0.163723 0.588103 1;
14550, 0.204651 0.544332 1 0.163723 0.588103 1;
14560, 0.205177 0.542462 1 0.163723 0.588103 1;
14570, 0.205177 0.542462 1 0.163723 0.588103 1;
14580, 0.205703 0.541526 1 0.163723 0.588103 1;
14590, 0.205703 0.540591 1 0.163723 0.588103 1;
14600, 0.205703 0.540591 1 0.163723 0.588103 1;
14610, 0.205703 0.538721 1 0.163723 0.588103 1;
14620, 0.205703 0.538721 1 0.163723 0.588103 1;
14630, 0.205703 0.537785 1 0.163723 0.588103 1;
14640, 0.205703 0.537785 1 0.163723 0.588103 1;
14650, 0.205703 0.535915 1 0.163723 0.588103 1;
14660, 0.205703 0.535915 1 0.163723 0.588103 1;
14670, 0.205703 0.535915 1 0.163723 0.588103 1;
14680, 0.205703 0.534979 1 0.163723 0.588103 1;
14690, 0.205703 0.534979 1 0.163723 0.588103 1;
14700, 0.205703 0.533109 1 0.163723 0.588103 1;
14710, 0.205703 0.533109 1 0.163723 0.588103 1;
14720, 0.205177 0.532174 1 0.163723 0.588103 1;
14730, 0.205177 0.531238 1 0.163723 0.588103 1;
14740, 0.205177 0.531238 1 0.163723 0.588103 1;
14750, 0.205177 0.529368 1 0.163723 0.588103 1;
14760, 0.205177 0.529368 1 0.163723 0.588103 1;
14770, 0.205177 0.529368 1 0.163723 0.588103 1;
14780, 0.204651 0.528432 1 0.163723 0.588103 1;
14790, 0.204651 0.527497 1 0.163723 0.588103 1;
14800, 0.204651 0.527497 1 0.163723 0.588103 1;
14810, 0.204651 0.527497 1 0.163723 0.588103 1;
14820, 0.204125 0.525627 1 0.163723 0.588103 1;
14830, 0.204125 0.524691 1 0.163723 0.588103 1;
14840, 0.204125 0.524691 1 0.163723 0.588103 1;
14850, 0.204125 0.524691 1 0.163723 0.588103 1;
14860, 0.204125 0.522821 1 0.163723 0.588103 1;
14870, 0.204125 0.522821 1 0.163723 0.588103 1;
14880, 0.204125 0.521886 1 0.163723 0.588103 1;
14890, 0.203598 0.520015 1 0.163723 0.588103 1;
14900, 0.203598 0.520015 1 0.163723 0.588103 1;
14910, 0.203598 0.520015 1 0.163723 0.588103 1;
14920, 0.203598 0.518144 1 0.163723 0.588103 1;
14930, 0.203598 0.518144 1 0.163723 0.588103 1;
14940, 0.203598 0.518144 1 0.163723 0.588103 1;
14950, 0.203598 0.516274 1 0.163723 0.588103 1;
14960, 0.203072 0.515339 1 0.163723 0.588103 1;
14970, 0.203072 0.515339 1 0.163723 0.588103 1;
14980, 0.203072 0.513468 1 0.163723 0.588103 1;
14990, 0.202546 0.512533 1 0.163723 0.588103 1;
15000, 0.202546 0.512533 1 0.163723 0.588103 1;
15010, 0.202546 0.512533 1 0.163723 0.588103 1;
15020, 0.20202 0.509727 1 0.163723 0.588103 1;
15030, 0.20202 0.509727 1 0.163723 0.588103 1;
15040, 0.20202 0.509727 1 0.163723 0.588103 1;
15050, 0.201494 0.506921 1 0.163723 0.588103 1;
15060, 0.201494 0.506921 1 0.163723 0.588103 1;
15070, 0.200968 0.505986 1 0.163723 0.588103 1;
15080, 0.200442 0.504115 1 0.163723 0.588103 1;
15090, 0.200442 0.50318 1 0.163723 0.588103 1;
15100, 0.200442 0.50318 1 0.163723 0.588103 1;
15110, 0.200442 0.50318 1 0.163723 0.588103 1;
15120, 0.199916 0.501309 1 0.163723 0.588103 1;
15130, 0.19939 0.499439 1 0.163723 0.588103 1;
15140, 0.19939 0.499439 1 0.163723 0.588103 1;
15150, 0.19939 0.498504 1 0.163723 0.588103 1;
15160, 0.198864 0.496633 1 0.163723 0.588103 1;
15170, 0.198864 0.495698 1 0.163723 0.588103 1;
15180, 0.198864 0.494762 1 0.163723 0.588103 1;
15190, 0.198864 0.494762 1 0.163723 0.588103 1;
15200, 0.198338 0.492892 1 0.163723 0.588103 1;
15210, 0.198338 0.492892 1 0.163723 0.588103 1;
15220, 0.198338 0.491957 1 0.163723 0.588103 1;
15230, 0.197811 0.491021 1 0.163723 0.588103 1;
15240, 0.197811 0.491021 1 0.163723 0.588103 1;
15250, 0.197811 0.489151 1 0.163723 0.588103 1;
15260, 0.197811 0.489151 1 0.163723 0.588103 1;
15270, 0.197811 0.489151 1 0.163723 0.588103 1;
15280, 0.197285 0.488215 1 0.163723 0.588103 1;
15290, 0.197285 0.486345 1 0.163723 0.588103 1;
15300, 0.197285 0.486345 1 0.163723 0.588103 1;
15310, 0.197285 0.486345 1 0.163723 0.588103 1;
15320, 0.196759 0.483539 1 0.163723 0.588103 1;
15330, 0.196759 0.483539 1 0.163723 0.588103 1;
15340, 0.196233 0.482604 1 0.163723 0.588103 1;
15350, 0.196233 0.482604 1 0.163723 0.588103 1;
15360, 0.196233 0.481669 1 0.163723 0.588103 1;
15370, 0.196233 0.481669 1 0.163723 0.588103 1;
15380, 0.195707 0.480733 1 0.163723 0.588103 1;
15390, 0.195707 0.480733 1 0.163723 0.588103 1;
15400, 0.195707 0.479798 1 0.163723 0.588103 1;
15410, 0.195707 0.479798 1 0.163723 0.588103 1;
15420, 0.195181 0.477927 1 0.163723 0.588103 1;
15430, 0.195181 0.477927 1 0.163723 0.588103 1;
15440, 0.195181 0.477927 1 0.163723 0.588103 1;
15450, 0.194655 0.476992 1 0.163723 0.588103 1;
15460, 0.194129 0.476057 1 0.163723 0.588103 1;
15470, 0.194129 0.476057 1 0.163723 0.588103 1;
15480, 0.194129 0.476057 1 0.163723 0.588103 1;
15490, 0.194129 0.474186 1 0.163723 0.588103 1;
15500, 0.193603 0.473251 1 0.163723 0.588103 1;
15510, 0.193603 0.473251 1 0.163723 0.588103 1;
15520, 0.193603 0.472316 1 0.163723 0.588103 1;
15530, 0.193603 0.472316 1 0.163723 0.588103 1;
15540, 0.193603 0.472316 1 0.163723 0.588103 1;
15550, 0.193603 0.472316 1 0.163723 0.588103 1;
15560, 0.193077 0.470445 1 0.163723 0.588103 1;
15570, 0.193077 0.470445 1 0.163723 0.588103 1;
15580, 0.193077 0.470445 1 0.163723 0.588103 1;
15590, 0.193077 0.46951 1 0.163723 0.588103 1;
15600, 0.193077 0.46951 1 0.163723 0.588103 1;
15610, 0.193077 0.46951 1 0.163723 0.588103 1;
15620, 0.192551 0.468575 1 0.163723 0.588103 1;
15630, 0.192551 0.468575 1 0.163723 0.588103 1;
15640, 0.192551 0.468575 1 0.163723 0.588103 1;
15650, 0.192551 0.467639 1 0.163723 0.588103 1;
15660, 0.192551 0.467639 1 0.163723 0.588103 1;
15670, 0.192551 0.467639 1 0.163723 0.588103 1;
15680, 0.192551 0.465769 1 0.163723 0.588103 1;
15690, 0.192551 0.465769 1 0.163723 0.588103 1;
15700, 0.192024 0.464834 1 0.163723 0.588103 1;
15710, 0.192024 0.464834 1 0.163723 0.588103 1;
15720, 0.192024 0.464834 1 0.163723 0.588103 1;
15730, 0.192024 0.462963 1 0.163723 0.588103 1;
15740, 0.192024 0.462963 1 0.163723 0.588103 1;
15750, 0.192024 0.462963 1 0.163723 0.588103 1;
15760, 0.191498 0.462028 1 0.163723 0.588103 1;
15770, 0.191498 0.462028 1 0.163723 0.588103 1;
15780, 0.191498 0.462028 1 0.163723 0.588103 1;
15790, 0.191498 0.462028 1 0.163723 0.588103 1;
15800, 0.191498 0.461092 1 0.163723 0.588103 1;
15810, 0.191498 0.461092 1 0.163723 0.588103 1;
15820, 0.191498 0.461092 1 0.163723 0.588103 1;
15830, 0.191498 0.461092 1 0.163723 0.588103 1;
15840, 0.191498 0.461092 1 0.163723 0.588103 1;
15850, 0.191498 0.460157 1 0.163723 0.588103 1;
15860, 0.191498 0.460157 1 0.163723 0.588103 1;
15870, 0.191498 0.460157 1 0.163723 0.588103 1;
15880, 0.191498 0.460157 1 0.163723 0.588103 1;
15890, 0.191498 0.460157 1 0.163723 0.588103 1;
15900, 0.191498 0.460157 1 0.163723 0.588103 1;
15910, 0.191498 0.460157 1 0.163723 0.588103 1;
15920, 0.190972 0.458287 1 0.163723 0.588103 1;
15930, 0.190972 0.458287 1 0.163723 0.588103 1;
15940, 0.190972 0.458287 1 0.163723 0.587041 1;
15950, 0.190972 0.458287 1 0.163723 0.587041 1;
15960, 0.190972 0.458287 1 0.163723 0.587041 1;
15970, 0.190972 0.458287 1 0.163723 0.587041 1;
15980, 0.190972 0.458287 1 0.163723 0.587041 1;
15990, 0.190972 0.458287 1 0.163723 0.587041 1;
16000, 0.190972 0.458287 1 0.163723 0.587041 1;
16010, 0.190972 0.458287 1 0.163723 0.587041 1;
16020, 0.190972 0.458287 1 0.162874 0.58598 1;
16030, 0.190972 0.458287 1 0.162874 0.58598 1;
16040, 0.190972 0.458287 1 0.162874 0.58598 1;
16050, 0.190972 0.458287 1 0.162874 0.58598 1;
16060, 0.190972 0.458287 1 0.162874 0.58598 1;
16070, 0.190972 0.458287 1 0.162874 0.58598 1;
16080, 0.190972 0.458287 1 0.162874 0.58598 1;
16090, 0.190972 0.458287 1 0.162874 0.58598 1;
16100, 0.190446 0.458287 1 0.162874 0.58598 1;
16110, 0.190446 0.458287 1 0.162874 0.58598 1;
16120, 0.190446 0.458287 1 0.162024 0.584918 1;
16130, 0.190446 0.458287 1 0.162024 0.584918 1;
16140, 0.190446 0.458287 1 0.162024 0.584918 1;
16150, 0.190446 0.458287 1 0.162024 0.584918 1;
16160, 0.190446 0.458287 1 0.162024 0.584918 1;
16170, 0.190446 0.458287 1 0.162024 0.583857 1;
16180, 0.190446 0.458287 1 0.162024 0.583857 1;
16190, 0.189394 0.459222 1 0.162024 0.583857 1;
16200, 0.189394 0.459222 1 0.162024 0.583857 1;
16210, 0.189394 0.459222 1 0.162024 0.583857 1;
16220, 0.189394 0.459222 1 0.162024 0.582796 1;
16230, 0.189394 0.459222 1 0.162024 0.582796 1;
16240, 0.189394 0.459222 1 0.162024 0.581734 1;
16250, 0.189394 0.459222 1 0.162024 0.581734 1;
16260, 0.189394 0.459222 1 0.162024 0.581734 1;
16270, 0.189394 0.459222 1 0.161175 0.580673 1;
16280, 0.189394 0.459222 1 0.161175 0.580673 1;
16290, 0.189394 0.459222 1 0.161175 0.580673 1;
16300, 0.189394 0.459222 1 0.161175 0.579611 1;
16310, 0.189394 0.459222 1 0.160326 0.57855 1;
16320, 0.189394 0.459222 1 0.160326 0.57855 1;
16330, 0.189394 0.459222 1 0.160326 0.57855 1;
16340, 0.189394 0.459222 1 0.160326 0.577488 1;
16350, 0.189394 0.459222 1 0.160326 0.577488 1;
16360, 0.189394 0.459222 1 0.160326 0.577488 1;
16370, 0.189394 0.459222 1 0.159477 0.574304 1;
16380, 0.189394 0.459222 1 0.158628 0.573242 1;
16390, 0.189394 0.459222 1 0.158628 0.573242 1;
16400, 0.189394 0.459222 1 0.157779 0.571119 1;
16410, 0.189394 0.459222 1 0.157779 0.571119 1;
16420, 0.189394 0.459222 1 0.157779 0.570058 1;
16430, 0.189394 0.459222 1 0.156929 0.568996 1;
16440, 0.189394 0.459222 1 0.156929 0.568996 1;
16450, 0.189394 0.459222 1 0.156929 0.567935 1;
16460, 0.189394 0.459222 1 0.156929 0.567935 1;
16470, 0.189394 0.459222 1 0.15608 0.566873 1;
16480, 0.188868 0.459222 1 0.15608 0.565812 1;
16490, 0.188868 0.459222 1 0.155231 0.563689 1;
16500, 0.188868 0.459222 1 0.155231 0.562627 1;
16510, 0.188868 0.459222 1 0.155231 0.561566 1;
16520, 0.188868 0.459222 1 0.155231 0.561566 1;
16530, 0.188868 0.459222 1 0.154382 0.560504 1;
16540, 0.188868 0.459222 1 0.154382 0.558381 1;
16550, 0.188868 0.459222 1 0.153533 0.55732 1;
16560, 0.188868 0.459222 1 0.153533 0.55732 1;
16570, 0.188868 0.459222 1 0.153533 0.556258 1;
16580, 0.188342 0.460157 1 0.152683 0.555197 1;
16590, 0.188342 0.460157 1 0.152683 0.554136 1;
16600, 0.188342 0.460157 1 0.152683 0.552013 1;
16610, 0.188342 0.460157 1 0.151834 0.550951 1;
16620, 0.188342 0.460157 1 0.151834 0.550951 1;
16630, 0.188342 0.460157 1 0.150985 0.54989 1;
16640, 0.188342 0.460157 1 0.150985 0.54989 1;
16650, 0.187816 0.461092 1 0.150985 0.548828 1;
16660, 0.187816 0.461092 1 0.150985 0.548828 1;
16670, 0.187816 0.461092 1 0.150985 0.547767 1;
16680, 0.187816 0.461092 1 0.150136 0.546705 1;
16690, 0.187816 0.461092 1 0.150136 0.546705 1;
16700, 0.187816 0.461092 1 0.150136 0.546705 1;
16710, 0.187816 0.461092 1 0.149287 0.543521 1;
16720, 0.18729 0.462028 1 0.149287 0.543521 1;
16730, 0.18729 0.462028 1 0.149287 0.543521 1;
16740, 0.18729 0.462028 1 0.148438 0.541398 1;
16750, 0.18729 0.462028 1 0.148438 0.541398 1;
16760, 0.18729 0.462028 1 0.148438 0.541398 1;
16770, 0.18729 0.462028 1 0.148438 0.539275 1;
16780, 0.18729 0.462028 1 0.148438 0.539275 1;
16790, 0.18729 0.462028 1 0.148438 0.539275 1;
16800, 0.186763 0.462963 1 0.147588 0.538213 1;
16810, 0.186763 0.462963 1 0.147588 0.537152 1;
16820, 0.186763 0.462963 1 0.147588 0.537152 1;
16830, 0.186763 0.462963 1 0.146739 0.53609 1;
16840, 0.186237 0.463898 1 0.146739 0.53609 1;
16850, 0.186237 0.463898 1 0.146739 0.535029 1;
16860, 0.186237 0.463898 1 0.146739 0.535029 1;
16870, 0.186237 0.463898 1 0.146739 0.535029 1;
16880, 0.185711 0.464834 1 0.14589 0.533967 1;
16890, 0.185711 0.464834 1 0.14589 0.533967 1;
16900, 0.185185 0.465769 1 0.14589 0.533967 1;
16910, 0.185185 0.465769 1 0.14589 0.532906 1;
16920, 0.184659 0.466704 1 0.14589 0.532906 1;
16930, 0.184659 0.466704 1 0.145041 0.531844 1;
16940, 0.184133 0.46951 1 0.145041 0.531844 1;
16950, 0.183607 0.470445 1 0.145041 0.529721 1;
16960, 0.183607 0.470445 1 0.145041 0.529721 1;
16970, 0.182029 0.472316 1 0.145041 0.529721 1;
16980, 0.181503 0.473251 1 0.145041 0.52866 1;
16990, 0.181503 0.473251 1 0.145041 0.52866 1;
17000, 0.18045 0.475122 1 0.144192 0.527599 1;
17010, 0.18045 0.476992 1 0.144192 0.527599 1;
17020, 0.179924 0.477927 1 0.144192 0.527599 1;
17030, 0.179398 0.478863 1 0.144192 0.526537 1;
17040, 0.179398 0.478863 1 0.144192 0.526537 1;
17050, 0.178872 0.479798 1 0.144192 0.526537 1;
17060, 0.178872 0.479798 1 0.144192 0.526537 1;
17070, 0.17782 0.481669 1 0.143342 0.525476 1;
17080, 0.17782 0.481669 1 0.143342 0.525476 1;
17090, 0.176768 0.482604 1 0.143342 0.525476 1;
17100, 0.176242 0.483539 1 0.143342 0.524414 1;
17110, 0.175715 0.48541 1 0.142493 0.523353 1;
17120, 0.175715 0.48541 1 0.142493 0.523353 1;
17130, 0.175189 0.486345 1 0.142493 0.523353 1;
17140, 0.174663 0.48728 1 0.142493 0.522291 1;
17150, 0.174663 0.48728 1 0.142493 0.522291 1;
17160, 0.174663 0.48728 1 0.142493 0.522291 1;
17170, 0.174137 0.488215 1 0.142493 0.52123 1;
17180, 0.173611 0.489151 1 0.142493 0.52123 1;
17190, 0.173611 0.489151 1 0.142493 0.52123 1;
17200, 0.173085 0.490086 1 0.141644 0.519107 1;
17210, 0.172559 0.491021 1 0.141644 0.519107 1;
17220, 0.172559 0.491021 1 0.141644 0.518045 1;
17230, 0.172559 0.491021 1 0.141644 0.518045 1;
17240, 0.171507 0.493827 1 0.140795 0.518045 1;
17250, 0.170981 0.494762 1 0.140795 0.518045 1;
17260, 0.170981 0.494762 1 0.140795 0.518045 1;
17270, 0.170455 0.495698 1 0.140795 0.516984 1;
17280, 0.169402 0.496633 1 0.140795 0.516984 1;
17290, 0.169402 0.496633 1 0.140795 0.516984 1;
17300, 0.16835 0.498504 1 0.140795 0.516984 1;
17310, 0.16835 0.498504 1 0.139946 0.515922 1;
17320, 0.16835 0.499439 1 0.139946 0.515922 1;
17330, 0.16835 0.499439 1 0.139946 0.515922 1;
17340, 0.166772 0.501309 1 0.139946 0.515922 1;
17350, 0.166772 0.501309 1 0.139946 0.515922 1;
17360, 0.166246 0.502245 1 0.139946 0.515922 1;
17370, 0.16572 0.504115 1 0.139096 0.514861 1;
17380, 0.165194 0.505051 1 0.139096 0.514861 1;
17390, 0.164668 0.505986 1 0.139096 0.514861 1;
17400, 0.164141 0.506921 1 0.139096 0.514861 1;
17410, 0.163615 0.507856 1 0.139096 0.514861 1;
17420, 0.163615 0.507856 1 0.138247 0.514861 1;
17430, 0.162563 0.508792 1 0.138247 0.514861 1;
17440, 0.162037 0.509727 1 0.138247 0.514861 1;
17450, 0.160985 0.510662 1 0.138247 0.514861 1;
17460, 0.160985 0.510662 1 0.138247 0.514861 1;
17470, 0.160459 0.511597 1 0.138247 0.514861 1;
17480, 0.159933 0.512533 1 0.137398 0.514861 1;
17490, 0.159933 0.512533 1 0.137398 0.514861 1;
17500, 0.158354 0.513468 1 0.137398 0.514861 1;
17510, 0.158354 0.513468 1 0.136549 0.513799 1;
17520, 0.156776 0.515339 1 0.136549 0.513799 1;
17530, 0.156776 0.515339 1 0.136549 0.513799 1;
17540, 0.15625 0.515339 1 0.136549 0.513799 1;
17550, 0.155198 0.516274 1 0.136549 0.513799 1;
17560, 0.155198 0.516274 1 0.136549 0.513799 1;
17570, 0.154146 0.518144 1 0.134851 0.512738 1;
17580, 0.154146 0.518144 1 0.134851 0.512738 1;
17590, 0.153093 0.51908 1 0.134851 0.512738 1;
17600, 0.152567 0.51908 1 0.133152 0.512738 1;
17610, 0.152041 0.520015 1 0.132303 0.512738 1;
17620, 0.152041 0.520015 1 0.132303 0.512738 1;
17630, 0.152041 0.520015 1 0.132303 0.512738 1;
17640, 0.150463 0.52095 1 0.131454 0.511676 1;
17650, 0.150463 0.52095 1 0.131454 0.511676 1;
17660, 0.150463 0.52095 1 0.131454 0.511676 1;
17670, 0.149411 0.521886 1 0.129755 0.511676 1;
17680, 0.148885 0.521886 1 0.128906 0.511676 1;
17690, 0.148885 0.521886 1 0.128906 0.511676 1;
17700, 0.148359 0.521886 1 0.127208 0.510615 1;
17710, 0.148359 0.521886 1 0.127208 0.510615 1;
17720, 0.148359 0.521886 1 0.126359 0.510615 1;
17730, 0.148359 0.521886 1 0.126359 0.510615 1;
17740, 0.147306 0.522821 1 0.12551 0.510615 1;
17750, 0.14678 0.523756 1 0.12466 0.510615 1;
17760, 0.14678 0.523756 1 0.12466 0.510615 1;
17770, 0.145728 0.523756 1 0.123811 0.510615 1;
17780, 0.145728 0.523756 1 0.122962 0.511676 1;
17790, 0.145728 0.523756 1 0.122962 0.511676 1;
17800, 0.145202 0.523756 1 0.122113 0.511676 1;
17810, 0.14415 0.524691 1 0.122113 0.511676 1;
17820, 0.14415 0.524691 1 0.121264 0.511676 1;
17830, 0.14415 0.524691 1 0.121264 0.511676 1;
17840, 0.143624 0.524691 1 0.121264 0.511676 1;
17850, 0.142572 0.525627 1 0.120414 0.511676 1;
17860, 0.142572 0.525627 1 0.120414 0.511676 1;
17870, 0.142572 0.525627 1 0.120414 0.511676 1;
17880, 0.142045 0.525627 1 0.119565 0.511676 1;
17890, 0.142045 0.525627 1 0.119565 0.511676 1;
17900, 0.141519 0.525627 1 0.119565 0.511676 1;
17910, 0.141519 0.525627 1 0.119565 0.511676 1;
17920, 0.141519 0.525627 1 0.119565 0.511676 1;
17930, 0.141519 0.525627 1 0.119565 0.511676 1;
17940, 0.140467 0.526562 1 0.119565 0.511676 1;
17950, 0.139415 0.526562 1 0.119565 0.511676 1;
17960, 0.139415 0.526562 1 0.119565 0.511676 1;
17970, 0.138889 0.526562 1 0.119565 0.511676 1;
17980, 0.138889 0.526562 1 0.119565 0.511676 1;
17990, 0.137837 0.526562 1 0.119565 0.511676 1;
18000, 0.137311 0.526562 1 0.119565 0.511676 1;
18010, 0.137311 0.526562 1 0.118716 0.511676 1;
18020, 0.137311 0.526562 1 0.118716 0.511676 1;
18030, 0.137311 0.526562 1 0.118716 0.511676 1;
18040, 0.136258 0.526562 1 0.118716 0.511676 1;
18050, 0.136258 0.526562 1 0.118716 0.511676 1;
18060, 0.135732 0.526562 1 0.118716 0.511676 1;
18070, 0.135732 0.526562 1 0.118716 0.511676 1;
18080, 0.135732 0.526562 1 0.118716 0.511676 1;
18090, 0.135732 0.526562 1 0.118716 0.511676 1;
18100, 0.13468 0.526562 1 0.117867 0.512738 1;
18110, 0.13468 0.526562 1 0.117867 0.512738 1;
18120, 0.13468 0.526562 1 0.117867 0.512738 1;
18130, 0.13468 0.526562 1 0.117867 0.512738 1;
18140, 0.134154 0.526562 1 0.117867 0.512738 1;
18150, 0.134154 0.526562 1 0.117867 0.512738 1;
18160, 0.134154 0.526562 1 0.117867 0.512738 1;
18170, 0.133628 0.526562 1 0.117867 0.512738 1;
18180, 0.133628 0.526562 1 0.117867 0.512738 1;
18190, 0.133628 0.526562 1 0.117867 0.512738 1;
18200, 0.132576 0.526562 1 0.117018 0.512738 1;
18210, 0.131524 0.526562 1 0.117018 0.512738 1;
18220, 0.131524 0.526562 1 0.117018 0.512738 1;
18230, 0.131524 0.526562 1 0.117018 0.512738 1;
18240, 0.130997 0.526562 1 0.117018 0.512738 1;
18250, 0.130997 0.526562 1 0.117018 0.512738 1;
18260, 0.130997 0.526562 1 0.117018 0.512738 1;
18270, 0.129945 0.526562 1 0.116168 0.513799 1;
18280, 0.129945 0.526562 1 0.116168 0.513799 1;
18290, 0.129945 0.526562 1 0.116168 0.513799 1;
18300, 0.129419 0.525627 1 0.116168 0.513799 1;
18310, 0.129419 0.525627 1 0.116168 0.513799 1;
18320, 0.129419 0.525627 1 0.116168 0.513799 1;
18330, 0.129419 0.525627 1 0.116168 0.513799 1;
18340, 0.129419 0.525627 1 0.116168 0.513799 1;
18350, 0.129419 0.525627 1 0.116168 0.513799 1;
18360, 0.129419 0.525627 1 0.116168 0.513799 1;
18370, 0.128893 0.525627 1 0.116168 0.513799 1;
18380, 0.128893 0.525627 1 0.115319 0.512738 1;
18390, 0.128893 0.525627 1 0.115319 0.512738 1;
18400, 0.128893 0.525627 1 0.115319 0.512738 1;
18410, 0.128893 0.525627 1 0.115319 0.512738 1;
18420, 0.128893 0.525627 1 0.115319 0.512738 1;
18430, 0.128893 0.525627 1 0.115319 0.512738 1;
18440, 0.128893 0.525627 1 0.115319 0.512738 1;
18450, 0.128893 0.525627 1 0.115319 0.512738 1;
18460, 0.128893 0.525627 1 0.115319 0.512738 1;
18470, 0.128893 0.525627 1 0.115319 0.512738 1;
18480, 0.127841 0.525627 1 0.115319 0.512738 1;
18490, 0.127841 0.525627 1 0.115319 0.512738 1;
18500, 0.127841 0.525627 1 0.115319 0.512738 1;
18510, 0.127841 0.525627 1 0.115319 0.512738 1;
18520, 0.127841 0.525627 1 0.115319 0.512738 1;
18530, 0.127841 0.525627 1 0.115319 0.512738 1;
18540, 0.127841 0.525627 1 0.11447 0.512738 1;
18550, 0.127315 0.524691 1 0.11447 0.512738 1;
18560, 0.127315 0.524691 1 0.11447 0.512738 1;
18570, 0.127315 0.524691 1 0.113621 0.512738 1;
18580, 0.127315 0.524691 1 0.112772 0.512738 1;
18590, 0.127315 0.524691 1 0.112772 0.512738 1;
18600, 0.126789 0.523756 1 0.111073 0.512738 1;
18610, 0.126789 0.523756 1 0.111073 0.512738 1;
18620, 0.126789 0.523756 1 0.111073 0.512738 1;
18630, 0.126789 0.523756 1 0.111073 0.512738 1;
18640, 0. 0. 0 0. 0. 0;
18650, 0. 0. 0 0. 0. 0;
18660, 0. 0. 0 0. 0. 0;
18670, 0. 0. 0 0. 0. 0;
18680, 0. 0. 0 0. 0. 0;
18690, 0. 0. 0 0. 0. 0;
18700, 0. 0. 0 0. 0. 0;
18710, 0. 0. 0 0. 0. 0;
18720, 0. 0. 0 0. 0. 0;
18730, 0. 0. 0 0. 0. 0;
18740, 0. 0. 0 0. 0. 0;
18750, 0. 0. 0 0. 0. 0;
18760, 0. 0. 0 0. 0. 0;
18770, 0. 0. 0 0. 0. 0;
18780, 0. 0. 0 0. 0. 0;
18790, 0. 0. 0 0. 0. 0;
18800, 0. 0. 0 0. 0. 0;
18810, 0. 0. 0 0. 0. 0;
18820, 0. 0. 0 0. 0. 0;
18830, 0. 0. 0 0. 0. 0;
18840, 0. 0. 0 0. 0. 0;
18850, 0. 0. 0 0. 0. 0;
18860, 0. 0. 0 0. 0. 0;
18870, 0. 0. 0 0. 0. 0;
18880, 0. 0. 0 0. 0. 0;
18890, 0. 0. 0 0. 0. 0;
18900, 0. 0. 0 0. 0. 0;
18910, 0. 0. 0 0. 0. 0;
18920, 0. 0. 0 0. 0. 0;
18930, 0. 0. 0 0. 0. 0;
18940, 0. 0. 0 0. 0. 0;
18950, 0. 0. 0 0. 0. 0;
18960, 0. 0. 0 0. 0. 0;
18970, 0. 0. 0 0. 0. 0;
18980, 0. 0. 0 0. 0. 0;
18990, 0. 0. 0 0. 0. 0;
19000, 0. 0. 0 0. 0. 0;
19010, 0. 0. 0 0. 0. 0;
19020, 0. 0. 0 0. 0. 0;
19030, 0. 0. 0 0. 0. 0;
19040, 0. 0. 0 0. 0. 0;
19050, 0. 0. 0 0. 0. 0;
19060, 0. 0. 0 0. 0. 0;
19070, 0. 0. 0 0. 0. 0;
19080, 0. 0. 0 0. 0. 0;
19090, 0. 0. 0 0. 0. 0;
19100, 0. 0. 0 0. 0. 0;
19110, 0. 0. 0 0. 0. 0;
19120, 0. 0. 0 0. 0. 0;
19130, 0. 0. 0 0. 0. 0;
19140, 0. 0. 0 0. 0. 0;
19150, 0. 0. 0 0. 0. 0;
19160, 0. 0. 0 0. 0. 0;
19170, 0. 0. 0 0. 0. 0;
19180, 0. 0. 0 0. 0. 0;
19190, 0. 0. 0 0. 0. 0;
19200, 0. 0. 0 0. 0. 0;
19210, 0. 0. 0 0. 0. 0;
19220, 0. 0. 0 0. 0. 0;
19230, 0. 0. 0 0. 0. 0;
19240, 0. 0. 0 0. 0. 0;
19250, 0. 0. 0 0. 0. 0;
19260, 0. 0. 0 0. 0. 0;
19270, 0. 0. 0 0. 0. 0;
19280, 0. 0. 0 0. 0. 0;
19290, 0. 0. 0 0. 0. 0;
19300, 0. 0. 0 0. 0. 0;
19310, 0. 0. 0 0. 0. 0;
19320, 0. 0. 0 0. 0. 0;
19330, 0. 0. 0 0. 0. 0;
19340, 0. 0. 0 0. 0. 0;
19350, 0. 0. 0 0. 0. 0;
19360, 0. 0. 0 0. 0. 0;
19370, 0. 0. 0 0. 0. 0;
19380, 0. 0. 0 0. 0. 0;
19390, 0. 0. 0 0. 0. 0;
19400, 0. 0. 0 0. 0. 0;
19410, 0. 0. 0 0. 0. 0;
19420, 0. 0. 0 0. 0. 0;
19430, 0. 0. 0 0. 0. 0;
19440, 0. 0. 0 0. 0. 0;
19450, 0. 0. 0 0. 0. 0;
19460, 0. 0. 0 0. 0. 0;
19470, 0. 0. 0 0. 0. 0;
19480, 0. 0. 0 0. 0. 0;
19490, 0. 0. 0 0. 0. 0;
19500, 0. 0. 0 0. 0. 0;
19510, 0. 0. 0 0. 0. 0;
19520, 0. 0. 0 0. 0. 0;
19530, 0. 0. 0 0. 0. 0;
19540, 0. 0. 0 0. 0. 0;
19550, 0. 0. 0 0. 0. 0;
19560, 0. 0. 0 0. 0. 0;
19570, 0. 0. 0 0. 0. 0;
19580, 0. 0. 0 0. 0. 0;
19590, 0. 0. 0 0. 0. 0;
19600, 0. 0. 0 0. 0. 0;
19610, 0. 0. 0 0. 0. 0;
19620, 0. 0. 0 0. 0. 0;
19630, 0. 0. 0 0. 0. 0;
19640, 0. 0. 0 0. 0. 0;
19650, 0. 0. 0 0. 0. 0;
19660, 0. 0. 0 0. 0. 0;
19670, 0. 0. 0 0. 0. 0;
19680, 0. 0. 0 0. 0. 0;
19690, 0. 0. 0 0. 0. 0;
19700, 0. 0. 0 0. 0. 0;
19710, 0. 0. 0 0. 0. 0;
19720, 0. 0. 0 0. 0. 0;
19730, 0. 0. 0 0. 0. 0;
19740, 0. 0. 0 0. 0. 0;
19750, 0. 0. 0 0. 0. 0;
19760, 0. 0. 0 0. 0. 0;
19770, 0. 0. 0 0. 0. 0;
19780, 0. 0. 0 0. 0. 0;
19790, 0. 0. 0 0. 0. 0;
19800, 0. 0. 0 0. 0. 0;
19810, 0. 0. 0 0. 0. 0;
19820, 0. 0. 0 0. 0. 0;
19830, 0. 0. 0 0. 0. 0;
19840, 0. 0. 0 0. 0. 0;
19850, 0. 0. 0 0. 0. 0;
19860, 0. 0. 0 0. 0. 0;
19870, 0. 0. 0 0. 0. 0;
19880, 0. 0. 0 0. 0. 0;
19890, 0. 0. 0 0. 0. 0;
19900, 0. 0. 0 0. 0. 0;
19910, 0. 0. 0 0. 0. 0;
19920, 0. 0. 0 0. 0. 0;
19930, 0. 0. 0 0. 0. 0;
19940, 0. 0. 0 0. 0. 0;
19950, 0. 0. 0 0. 0. 0;
19960, 0. 0. 0 0. 0. 0;
19970, 0. 0. 0 0. 0. 0;
19980, 0. 0. 0 0. 0. 0;
19990, 0. 0. 0 0. 0. 0;
20000, 0. 0. 0 0. 0. 0;
20010, 0. 0. 0 0. 0. 0;
20020, 0. 0. 0 0. 0. 0;
20030, 0. 0. 0 0. 0. 0;
20040, 0. 0. 0 0. 0. 0;
20050, 0. 0. 0 0. 0. 0;
20060, 0. 0. 0 0. 0. 0;
20070, 0. 0. 0 0. 0. 0;
20080, 0. 0. 0 0. 0. 0;
20090, 0. 0. 0 0. 0. 0;
20100, 0. 0. 0 0. 0. 0;
20110, 0. 0. 0 0. 0. 0;
20120, 0. 0. 0 0. 0. 0;
20130, 0. 0. 0 0. 0. 0;
20140, 0. 0. 0 0. 0. 0;
20150, 0. 0. 0 0. 0. 0;
20160, 0. 0. 0 0. 0. 0;
20170, 0. 0. 0 0. 0. 0;
20180, 0. 0. 0 0. 0. 0;
20190, 0. 0. 0 0. 0. 0;
20200, 0. 0. 0 0. 0. 0;
20210, 0. 0. 0 0. 0. 0;
20220, 0. 0. 0 0. 0. 0;
20230, 0. 0. 0 0. 0. 0;
20240, 0. 0. 0 0. 0. 0;
20250, 0. 0. 0 0. 0. 0;
20260, 0. 0. 0 0. 0. 0;
20270, 0. 0. 0 0. 0. 0;
20280, 0. 0. 0 0. 0. 0;
20290, 0. 0. 0 0. 0. 0;
20300, 0. 0. 0 0. 0. 0;
20310, 0. 0. 0 0. 0. 0;
20320, 0. 0. 0 0. 0. 0;
20330, 0. 0. 0 0. 0. 0;
20340, 0. 0. 0 0. 0. 0;
20350, 0. 0. 0 0. 0. 0;
20360, 0. 0. 0 0. 0. 0;
20370, 0. 0. 0 0. 0. 0;
20380, 0. 0. 0 0. 0. 0;
20390, 0. 0. 0 0. 0. 0;
20400, 0. 0. 0 0. 0. 0;
20410, 0. 0. 0 0. 0. 0;
20420, 0. 0. 0 0. 0. 0;
20430, 0. 0. 0 0. 0. 0;
20440, 0. 0. 0 0. 0. 0;
20450, 0. 0. 0 0. 0. 0;
20460, 0. 0. 0 0. 0. 0;
20470, 0. 0. 0 0. 0. 0;
20480, 0. 0. 0 0. 0. 0;
20490, 0. 0. 0 0. 0. 0;
20500, 0. 0. 0 0. 0. 0;
20510, 0. 0. 0 0. 0. 0;
20520, 0. 0. 0 0. 0. 0;
20530, 0. 0. 0 0. 0. 0;
20540, 0. 0. 0 0. 0. 0;
20550, 0. 0. 0 0. 0. 0;
20560, 0. 0. 0 0. 0. 0;
20570, 0. 0. 0 0. 0. 0;
20580, 0. 0. 0 0. 0. 0;
20590, 0. 0. 0 0. 0. 0;
20600, 0. 0. 0 0. 0. 0;
20610, 0. 0. 0 0. 0. 0;
20620, 0. 0. 0 0. 0. 0;
20630, 0. 0. 0 0. 0. 0;
20640, 0. 0. 0 0. 0. 0;
20650, 0. 0. 0 0. 0. 0;
20660, 0. 0. 0 0. 0. 0;
20670, 0. 0. 0 0. 0. 0;
20680, 0. 0. 0 0. 0. 0;
20690, 0. 0. 0 0. 0. 0;
20700, 0. 0. 0 0. 0. 0;
20710, 0. 0. 0 0. 0. 0;
20720, 0. 0. 0 0. 0. 0;
20730, 0. 0. 0 0. 0. 0;
20740, 0. 0. 0 0. 0. 0;
20750, 0. 0. 0 0. 0. 0;
20760, 0. 0. 0 0. 0. 0;
20770, 0. 0. 0 0. 0. 0;
20780, 0. 0. 0 0. 0. 0;
20790, 0. 0. 0 0. 0. 0;
20800, 0. 0. 0 0. 0. 0;
20810, 0. 0. 0 0. 0. 0;
20820, 0. 0. 0 0. 0. 0;
20830, 0. 0. 0 0. 0. 0;
20840, 0. 0. 0 0. 0. 0;
20850, 0. 0. 0 0. 0. 0;
20860, 0. 0. 0 0. 0. 0;
20870, 0. 0. 0 0. 0. 0;
20880, 0. 0. 0 0. 0. 0;
20890, 0. 0. 0 0. 0. 0;
20900, 0. 0. 0 0. 0. 0;
20910, 0. 0. 0 0. 0. 0;
20920, 0. 0. 0 0. 0. 0;
20930, 0. 0. 0 0. 0. 0;
20940, 0. 0. 0 0. 0. 0;
20950, 0. 0. 0 0. 0. 0;
20960, 0. 0. 0 0. 0. 0;
20970, 0. 0. 0 0. 0. 0;
20980, 0. 0. 0 0. 0. 0;
20990, 0. 0. 0 0. 0. 0;
21000, 0. 0. 0 0. 0. 0;
21010, 0. 0. 0 0. 0. 0;
21020, 0. 0. 0 0. 0. 0;
21030, 0. 0. 0 0. 0. 0;
21040, 0. 0. 0 0. 0. 0;
21050, 0. 0. 0 0. 0. 0;
21060, 0. 0. 0 0. 0. 0;
21070, 0. 0. 0 0. 0. 0;
21080, 0. 0. 0 0. 0. 0;
21090, 0. 0. 0 0. 0. 0;
21100, 0. 0. 0 0. 0. 0;
21110, 0. 0. 0 0. 0. 0;
21120, 0. 0. 0 0. 0. 0;
21130, 0. 0. 0 0. 0. 0;
21140, 0. 0. 0 0. 0. 0;
21150, 0. 0. 0 0. 0. 0;
21160, 0. 0. 0 0. 0. 0;
21170, 0. 0. 0 0. 0. 0;
21180, 0. 0. 0 0. 0. 0;
21190, 0. 0. 0 0. 0. 0;
21200, 0. 0. 0 0. 0. 0;
21210, 0. 0. 0 0. 0. 0;
21220, 0. 0. 0 0. 0. 0;
21230, 0. 0. 0 0. 0. 0;
21240, 0. 0. 0 0. 0. 0;
21250, 0. 0. 0 0. 0. 0;
21260, 0. 0. 0 0. 0. 0;
21270, 0. 0. 0 0. 0. 0;
21280, 0. 0. 0 0. 0. 0;
21290, 0. 0. 0 0. 0. 0;
21300, 0. 0. 0 0. 0. 0;
21310, 0. 0. 0 0. 0. 0;
21320, 0. 0. 0 0. 0. 0;
21330, 0. 0. 0 0. 0. 0;
21340, 0. 0. 0 0. 0. 0;
21350, 0. 0. 0 0. 0. 0;
21360, 0. 0. 0 0. 0. 0;
21370, 0. 0. 0 0. 0. 0;
21380, 0. 0. 0 0. 0. 0;
21390, 0. 0. 0 0. 0. 0;
21400, 0. 0. 0 0. 0. 0;
21410, 0. 0. 0 0. 0. 0;
21420, 0. 0. 0 0. 0. 0;
21430, 0. 0. 0 0. 0. 0;
21440, 0. 0. 0 0. 0. 0;
21450, 0. 0. 0 0. 0. 0;
21460, 0. 0. 0 0. 0. 0;
21470, 0. 0. 0 0. 0. 0;
21480, 0. 0. 0 0. 0. 0;
21490, 0. 0. 0 0. 0. 0;
21500, 0. 0. 0 0. 0. 0;
21510, 0. 0. 0 0. 0. 0;
21520, 0. 0. 0 0. 0. 0;
21530, 0. 0. 0 0. 0. 0;
21540, 0. 0. 0 0. 0. 0;
21550, 0. 0. 0 0. 0. 0;
21560, 0. 0. 0 0. 0. 0;
21570, 0. 0. 0 0. 0. 0;
21580, 0. 0. 0 0. 0. 0;
21590, 0. 0. 0 0. 0. 0;
21600, 0. 0. 0 0. 0. 0;
21610, 0. 0. 0 0. 0. 0;
21620, 0. 0. 0 0. 0. 0;
21630, 0. 0. 0 0. 0. 0;
21640, 0. 0. 0 0. 0. 0;
21650, 0. 0. 0 0. 0. 0;
21660, 0. 0. 0 0. 0. 0;
21670, 0. 0. 0 0. 0. 0;
21680, 0. 0. 0 0. 0. 0;
21690, 0. 0. 0 0. 0. 0;
21700, 0. 0. 0 0. 0. 0;
21710, 0. 0. 0 0. 0. 0;
21720, 0. 0. 0 0. 0. 0;
21730, 0. 0. 0 0. 0. 0;
21740, 0. 0. 0 0. 0. 0;
21750, 0. 0. 0 0. 0. 0;
21760, 0. 0. 0 0. 0. 0;
21770, 0. 0. 0 0. 0. 0;
21780, 0. 0. 0 0. 0. 0;
21790, 0. 0. 0 0. 0. 0;
21800, 0. 0. 0 0. 0. 0;
21810, 0. 0. 0 0. 0. 0;
21820, 0. 0. 0 0. 0. 0;
21830, 0. 0. 0 0. 0. 0;
21840, 0. 0. 0 0. 0. 0;
21850, 0. 0. 0 0. 0. 0;
21860, 0. 0. 0 0. 0. 0;
21870, 0. 0. 0 0. 0. 0;
21880, 0. 0. 0 0. 0. 0;
21890, 0. 0. 0 0. 0. 0;
21900, 0. 0. 0 0. 0. 0;
21910, 0. 0. 0 0. 0. 0;
21920, 0. 0. 0 0. 0. 0;
21930, 0. 0. 0 0. 0. 0;
21940, 0. 0. 0 0. 0. 0;
21950, 0. 0. 0 0. 0. 0;
21960, 0. 0. 0 0. 0. 0;
21970, 0. 0. 0 0. 0. 0;
21980, 0. 0. 0 0. 0. 0;
21990, 0. 0. 0 0. 0. 0;
22000, 0. 0. 0 0. 0. 0;
22010, 0. 0. 0 0. 0. 0;
22020, 0. 0. 0 0. 0. 0;
22030, 0. 0. 0 0. 0. 0;
22040, 0. 0. 0 0. 0. 0;
22050, 0. 0. 0 0. 0. 0;
22060, 0. 0. 0 0. 0. 0;
22070, 0. 0. 0 0. 0. 0;
22080, 0. 0. 0 0. 0. 0;
22090, 0. 0. 0 0. 0. 0;
22100, 0. 0. 0 0. 0. 0;
22110, 0. 0. 0 0. 0. 0;
22120, 0. 0. 0 0. 0. 0;
22130, 0. 0. 0 0. 0. 0;
22140, 0. 0. 0 0. 0. 0;
22150, 0. 0. 0 0. 0. 0;
22160, 0. 0. 0 0. 0. 0;
22170, 0. 0. 0 0. 0. 0;
22180, 0. 0. 0 0. 0. 0;
22190, 0. 0. 0 0. 0. 0;
22200, 0. 0. 0 0. 0. 0;
22210, 0. 0. 0 0. 0. 0;
22220, 0. 0. 0 0. 0. 0;
22230, 0. 0. 0 0. 0. 0;
22240, 0. 0. 0 0. 0. 0;
22250, 0. 0. 0 0. 0. 0;
22260, 0. 0. 0 0. 0. 0;
