0, 0. 0. 0 0. 0. 0;
10, 0. 0. 0 0. 0. 0;
20, 0. 0. 0 0. 0. 0;
30, 0. 0. 0 0. 0. 0;
40, 0. 0. 0 0. 0. 0;
50, 0. 0. 0 0. 0. 0;
60, 0. 0. 0 0. 0. 0;
70, 0. 0. 0 0. 0. 0;
80, 0. 0. 0 0. 0. 0;
90, 0. 0. 0 0. 0. 0;
100, 0. 0. 0 0. 0. 0;
110, 0. 0. 0 0. 0. 0;
120, 0. 0. 0 0. 0. 0;
130, 0. 0. 0 0. 0. 0;
140, 0. 0. 0 0. 0. 0;
150, 0. 0. 0 0. 0. 0;
160, 0. 0. 0 0. 0. 0;
170, 0. 0. 0 0. 0. 0;
180, 0. 0. 0 0. 0. 0;
190, 0. 0. 0 0. 0. 0;
200, 0. 0. 0 0. 0. 0;
210, 0. 0. 0 0. 0. 0;
220, 0. 0. 0 0. 0. 0;
230, 0. 0. 0 0. 0. 0;
240, 0. 0. 0 0. 0. 0;
250, 0. 0. 0 0. 0. 0;
260, 0. 0. 0 0. 0. 0;
270, 0. 0. 0 0. 0. 0;
280, 0. 0. 0 0. 0. 0;
290, 0. 0. 0 0. 0. 0;
300, 0. 0. 0 0. 0. 0;
310, 0. 0. 0 0. 0. 0;
320, 0. 0. 0 0. 0. 0;
330, 0. 0. 0 0. 0. 0;
340, 0. 0. 0 0. 0. 0;
350, 0. 0. 0 0. 0. 0;
360, 0. 0. 0 0. 0. 0;
370, 0. 0. 0 0. 0. 0;
380, 0. 0. 0 0. 0. 0;
390, 0. 0. 0 0. 0. 0;
400, 0. 0. 0 0. 0. 0;
410, 0. 0. 0 0. 0. 0;
420, 0. 0. 0 0. 0. 0;
430, 0. 0. 0 0. 0. 0;
440, 0. 0. 0 0. 0. 0;
450, 0. 0. 0 0. 0. 0;
460, 0. 0. 0 0. 0. 0;
470, 0. 0. 0 0. 0. 0;
480, 0. 0. 0 0. 0. 0;
490, 0. 0. 0 0. 0. 0;
500, 0. 0. 0 0. 0. 0;
510, 0. 0. 0 0. 0. 0;
520, 0. 0. 0 0. 0. 0;
530, 0. 0. 0 0. 0. 0;
540, 0. 0. 0 0. 0. 0;
550, 0. 0. 0 0. 0. 0;
560, 0. 0. 0 0. 0. 0;
570, 0. 0. 0 0. 0. 0;
580, 0. 0. 0 0. 0. 0;
590, 0. 0. 0 0. 0. 0;
600, 0. 0. 0 0. 0. 0;
610, 0. 0. 0 0. 0. 0;
620, 0. 0. 0 0. 0. 0;
630, 0. 0. 0 0. 0. 0;
640, 0. 0. 0 0. 0. 0;
650, 0. 0. 0 0. 0. 0;
660, 0. 0. 0 0. 0. 0;
670, 0. 0. 0 0. 0. 0;
680, 0. 0. 0 0. 0. 0;
690, 0. 0. 0 0. 0. 0;
700, 0. 0. 0 0. 0. 0;
710, 0. 0. 0 0. 0. 0;
720, 0. 0. 0 0. 0. 0;
730, 0. 0. 0 0. 0. 0;
740, 0. 0. 0 0. 0. 0;
750, 0. 0. 0 0. 0. 0;
760, 0. 0. 0 0. 0. 0;
770, 0. 0. 0 0. 0. 0;
780, 0. 0. 0 0. 0. 0;
790, 0. 0. 0 0. 0. 0;
800, 0. 0. 0 0. 0. 0;
810, 0. 0. 0 0. 0. 0;
820, 0. 0. 0 0. 0. 0;
830, 0. 0. 0 0. 0. 0;
840, 0. 0. 0 0. 0. 0;
850, 0. 0. 0 0. 0. 0;
860, 0. 0. 0 0. 0. 0;
870, 0. 0. 0 0. 0. 0;
880, 0. 0. 0 0. 0. 0;
890, 0. 0. 0 0. 0. 0;
900, 0. 0. 0 0. 0. 0;
910, 0. 0. 0 0. 0. 0;
920, 0. 0. 0 0. 0. 0;
930, 0. 0. 0 0. 0. 0;
940, 0. 0. 0 0. 0. 0;
950, 0. 0. 0 0. 0. 0;
960, 0. 0. 0 0. 0. 0;
970, 0. 0. 0 0. 0. 0;
980, 0. 0. 0 0. 0. 0;
990, 0. 0. 0 0. 0. 0;
1000, 0. 0. 0 0. 0. 0;
1010, 0. 0. 0 0. 0. 0;
1020, 0. 0. 0 0. 0. 0;
1030, 0. 0. 0 0. 0. 0;
1040, 0. 0. 0 0. 0. 0;
1050, 0. 0. 0 0. 0. 0;
1060, 0. 0. 0 0. 0. 0;
1070, 0. 0. 0 0. 0. 0;
1080, 0. 0. 0 0. 0. 0;
1090, 0. 0. 0 0. 0. 0;
1100, 0. 0. 0 0. 0. 0;
1110, 0. 0. 0 0. 0. 0;
1120, 0. 0. 0 0. 0. 0;
1130, 0. 0. 0 0. 0. 0;
1140, 0. 0. 0 0. 0. 0;
1150, 0. 0. 0 0. 0. 0;
1160, 0. 0. 0 0. 0. 0;
1170, 0. 0. 0 0. 0. 0;
1180, 0. 0. 0 0. 0. 0;
1190, 0. 0. 0 0. 0. 0;
1200, 0. 0. 0 0. 0. 0;
1210, 0. 0. 0 0. 0. 0;
1220, 0. 0. 0 0. 0. 0;
1230, 0. 0. 0 0. 0. 0;
1240, 0. 0. 0 0. 0. 0;
1250, 0. 0. 0 0. 0. 0;
1260, 0. 0. 0 0. 0. 0;
1270, 0. 0. 0 0. 0. 0;
1280, 0. 0. 0 0. 0. 0;
1290, 0. 0. 0 0. 0. 0;
1300, 0. 0. 0 0. 0. 0;
1310, 0. 0. 0 0. 0. 0;
1320, 0. 0. 0 0. 0. 0;
1330, 0. 0. 0 0. 0. 0;
1340, 0. 0. 0 0. 0. 0;
1350, 0. 0. 0 0. 0. 0;
1360, 0. 0. 0 0. 0. 0;
1370, 0. 0. 0 0. 0. 0;
1380, 0. 0. 0 0. 0. 0;
1390, 0. 0. 0 0. 0. 0;
1400, 0. 0. 0 0. 0. 0;
1410, 0. 0. 0 0. 0. 0;
1420, 0. 0. 0 0. 0. 0;
1462, 0. 0. 0 0. 0. 0;
1472, 0. 0. 0 0. 0. 0;
1482, 0. 0. 0 0. 0. 0;
1492, 0. 0. 0 0. 0. 0;
1502, 0. 0. 0 0. 0. 0;
1512, 0. 0. 0 0. 0. 0;
1522, 0. 0. 0 0. 0. 0;
1532, 0. 0. 0 0. 0. 0;
1542, 0. 0. 0 0. 0. 0;
1552, 0. 0. 0 0. 0. 0;
1562, 0. 0. 0 0. 0. 0;
1572, 0. 0. 0 0. 0. 0;
1582, 0. 0. 0 0. 0. 0;
1592, 0. 0. 0 0. 0. 0;
1602, 0. 0. 0 0. 0. 0;
1612, 0. 0. 0 0. 0. 0;
1622, 0. 0. 0 0. 0. 0;
1632, 0. 0. 0 0. 0. 0;
1642, 0. 0. 0 0. 0. 0;
1652, 0. 0. 0 0. 0. 0;
1662, 0. 0. 0 0. 0. 0;
1672, 0. 0. 0 0. 0. 0;
1682, 0. 0. 0 0. 0. 0;
1692, 0. 0. 0 0. 0. 0;
1702, 0. 0. 0 0. 0. 0;
1712, 0. 0. 0 0. 0. 0;
1722, 0. 0. 0 0. 0. 0;
1732, 0. 0. 0 0. 0. 0;
1742, 0. 0. 0 0. 0. 0;
1752, 0. 0. 0 0. 0. 0;
1762, 0. 0. 0 0. 0. 0;
1772, 0. 0. 0 0. 0. 0;
1782, 0. 0. 0 0. 0. 0;
1792, 0. 0. 0 0. 0. 0;
1802, 0. 0. 0 0. 0. 0;
1812, 0. 0. 0 0. 0. 0;
1822, 0. 0. 0 0. 0. 0;
1832, 0. 0. 0 0. 0. 0;
1842, 0. 0. 0 0. 0. 0;
1852, 0. 0. 0 0. 0. 0;
1862, 0. 0. 0 0. 0. 0;
1872, 0. 0. 0 0. 0. 0;
1882, 0. 0. 0 0. 0. 0;
1892, 0. 0. 0 0. 0. 0;
1902, 0. 0. 0 0. 0. 0;
1912, 0. 0. 0 0. 0. 0;
1922, 0. 0. 0 0. 0. 0;
1932, 0. 0. 0 0. 0. 0;
1942, 0. 0. 0 0. 0. 0;
1952, 0. 0. 0 0. 0. 0;
1962, 0. 0. 0 0. 0. 0;
1972, 0. 0. 0 0. 0. 0;
1982, 0. 0. 0 0. 0. 0;
1992, 0. 0. 0 0. 0. 0;
2002, 0. 0. 0 0. 0. 0;
2012, 0. 0. 0 0. 0. 0;
2022, 0. 0. 0 0. 0. 0;
2032, 0. 0. 0 0. 0. 0;
2042, 0. 0. 0 0. 0. 0;
2052, 0. 0. 0 0. 0. 0;
2062, 0. 0. 0 0. 0. 0;
2072, 0. 0. 0 0. 0. 0;
2082, 0. 0. 0 0. 0. 0;
2092, 0. 0. 0 0. 0. 0;
2102, 0. 0. 0 0. 0. 0;
2112, 0. 0. 0 0. 0. 0;
2122, 0. 0. 0 0. 0. 0;
2132, 0. 0. 0 0. 0. 0;
2142, 0. 0. 0 0. 0. 0;
2152, 0. 0. 0 0. 0. 0;
2162, 0. 0. 0 0. 0. 0;
2172, 0. 0. 0 0. 0. 0;
2182, 0. 0. 0 0. 0. 0;
2192, 0. 0. 0 0. 0. 0;
2202, 0. 0. 0 0. 0. 0;
2212, 0. 0. 0 0. 0. 0;
2222, 0. 0. 0 0. 0. 0;
2232, 0. 0. 0 0. 0. 0;
2242, 0. 0. 0 0. 0. 0;
2252, 0. 0. 0 0. 0. 0;
2262, 0. 0. 0 0. 0. 0;
2272, 0. 0. 0 0. 0. 0;
2282, 0. 0. 0 0. 0. 0;
2292, 0. 0. 0 0. 0. 0;
2302, 0. 0. 0 0. 0. 0;
2312, 0. 0. 0 0. 0. 0;
2322, 0. 0. 0 0. 0. 0;
2332, 0. 0. 0 0. 0. 0;
2342, 0. 0. 0 0. 0. 0;
2352, 0. 0. 0 0. 0. 0;
2362, 0. 0. 0 0. 0. 0;
2372, 0. 0. 0 0. 0. 0;
2382, 0. 0. 0 0. 0. 0;
2392, 0. 0. 0 0. 0. 0;
2402, 0. 0. 0 0. 0. 0;
2412, 0. 0. 0 0. 0. 0;
2422, 0. 0. 0 0. 0. 0;
2432, 0. 0. 0 0. 0. 0;
2442, 0. 0. 0 0. 0. 0;
2452, 0. 0. 0 0. 0. 0;
2462, 0. 0. 0 0. 0. 0;
2472, 0. 0. 0 0. 0. 0;
2482, 0. 0. 0 0. 0. 0;
2492, 0. 0. 0 0. 0. 0;
2502, 0. 0. 0 0. 0. 0;
2512, 0. 0. 0 0. 0. 0;
2522, 0. 0. 0 0. 0. 0;
2532, 0. 0. 0 0. 0. 0;
2542, 0. 0. 0 0. 0. 0;
2552, 0. 0. 0 0. 0. 0;
2562, 0. 0. 0 0. 0. 0;
2572, 0. 0. 0 0. 0. 0;
2582, 0. 0. 0 0. 0. 0;
2592, 0. 0. 0 0. 0. 0;
2602, 0. 0. 0 0. 0. 0;
2612, 0. 0. 0 0. 0. 0;
2622, 0. 0. 0 0. 0. 0;
2632, 0. 0. 0 0. 0. 0;
2642, 0. 0. 0 0. 0. 0;
2652, 0. 0. 0 0. 0. 0;
2662, 0. 0. 0 0. 0. 0;
2672, 0. 0. 0 0. 0. 0;
2682, 0. 0. 0 0. 0. 0;
2692, 0. 0. 0 0. 0. 0;
2702, 0. 0. 0 0. 0. 0;
2712, 0. 0. 0 0. 0. 0;
2722, 0. 0. 0 0. 0. 0;
2732, 0. 0. 0 0. 0. 0;
2742, 0. 0. 0 0. 0. 0;
2752, 0. 0. 0 0. 0. 0;
2762, 0. 0. 0 0. 0. 0;
2772, 0. 0. 0 0. 0. 0;
2782, 0. 0. 0 0. 0. 0;
2792, 0. 0. 0 0. 0. 0;
2802, 0. 0. 0 0. 0. 0;
2812, 0. 0. 0 0. 0. 0;
2822, 0. 0. 0 0. 0. 0;
2832, 0. 0. 0 0. 0. 0;
2842, 0. 0. 0 0. 0. 0;
2852, 0. 0. 0 0. 0. 0;
2862, 0. 0. 0 0. 0. 0;
2872, 0. 0. 0 0. 0. 0;
2882, 0. 0. 0 0. 0. 0;
2892, 0. 0. 0 0. 0. 0;
2902, 0. 0. 0 0. 0. 0;
2912, 0. 0. 0 0. 0. 0;
2922, 0. 0. 0 0. 0. 0;
2932, 0. 0. 0 0. 0. 0;
2942, 0. 0. 0 0. 0. 0;
2952, 0. 0. 0 0. 0. 0;
2962, 0. 0. 0 0. 0. 0;
2972, 0. 0. 0 0. 0. 0;
2982, 0. 0. 0 0. 0. 0;
2992, 0. 0. 0 0. 0. 0;
3002, 0. 0. 0 0. 0. 0;
3012, 0. 0. 0 0. 0. 0;
3022, 0. 0. 0 0. 0. 0;
3032, 0. 0. 0 0. 0. 0;
3042, 0. 0. 0 0. 0. 0;
3052, 0. 0. 0 0. 0. 0;
3062, 0. 0. 0 0. 0. 0;
3072, 0. 0. 0 0. 0. 0;
3082, 0. 0. 0 0. 0. 0;
3092, 0. 0. 0 0. 0. 0;
3102, 0. 0. 0 0. 0. 0;
3112, 0. 0. 0 0. 0. 0;
3122, 0. 0. 0 0. 0. 0;
3132, 0. 0. 0 0. 0. 0;
3142, 0. 0. 0 0. 0. 0;
3152, 0. 0. 0 0. 0. 0;
3162, 0. 0. 0 0. 0. 0;
3172, 0. 0. 0 0. 0. 0;
3182, 0. 0. 0 0. 0. 0;
3192, 0. 0. 0 0. 0. 0;
3202, 0. 0. 0 0. 0. 0;
3212, 0. 0. 0 0. 0. 0;
3222, 0. 0. 0 0. 0. 0;
3232, 0. 0. 0 0. 0. 0;
3242, 0. 0. 0 0. 0. 0;
3252, 0. 0. 0 0. 0. 0;
3262, 0. 0. 0 0. 0. 0;
3272, 0. 0. 0 0. 0. 0;
3282, 0. 0. 0 0. 0. 0;
3292, 0. 0. 0 0. 0. 0;
3302, 0. 0. 0 0. 0. 0;
3312, 0. 0. 0 0. 0. 0;
3322, 0. 0. 0 0. 0. 0;
3332, 0. 0. 0 0. 0. 0;
3342, 0. 0. 0 0. 0. 0;
3352, 0. 0. 0 0. 0. 0;
3362, 0. 0. 0 0. 0. 0;
3372, 0. 0. 0 0. 0. 0;
3382, 0. 0. 0 0. 0. 0;
3392, 0. 0. 0 0. 0. 0;
3402, 0. 0. 0 0. 0. 0;
3412, 0. 0. 0 0. 0. 0;
3422, 0. 0. 0 0. 0. 0;
3432, 0. 0. 0 0. 0. 0;
3442, 0. 0. 0 0. 0. 0;
3452, 0. 0. 0 0. 0. 0;
3462, 0. 0. 0 0. 0. 0;
3472, 0. 0. 0 0. 0. 0;
3482, 0. 0. 0 0. 0. 0;
3492, 0. 0. 0 0. 0. 0;
3502, 0. 0. 0 0. 0. 0;
3512, 0. 0. 0 0. 0. 0;
3522, 0. 0. 0 0. 0. 0;
3532, 0. 0. 0 0. 0. 0;
3542, 0. 0. 0 0. 0. 0;
3552, 0. 0. 0 0. 0. 0;
3562, 0. 0. 0 0. 0. 0;
3572, 0. 0. 0 0. 0. 0;
3582, 0. 0. 0 0. 0. 0;
3592, 0. 0. 0 0. 0. 0;
3602, 0. 0. 0 0. 0. 0;
3612, 0. 0. 0 0. 0. 0;
3622, 0. 0. 0 0. 0. 0;
3632, 0. 0. 0 0. 0. 0;
3642, 0. 0. 0 0. 0. 0;
3652, 0. 0. 0 0. 0. 0;
3662, 0. 0. 0 0. 0. 0;
3672, 0. 0. 0 0. 0. 0;
3682, 0. 0. 0 0. 0. 0;
3692, 0. 0. 0 0. 0. 0;
3702, 0. 0. 0 0. 0. 0;
3712, 0. 0. 0 0. 0. 0;
3722, 0. 0. 0 0. 0. 0;
3732, 0. 0. 0 0. 0. 0;
3742, 0. 0. 0 0. 0. 0;
3752, 0. 0. 0 0. 0. 0;
3762, 0. 0. 0 0. 0. 0;
3772, 0. 0. 0 0. 0. 0;
3782, 0. 0. 0 0. 0. 0;
3792, 0. 0. 0 0. 0. 0;
3802, 0. 0. 0 0. 0. 0;
3812, 0. 0. 0 0. 0. 0;
3822, 0. 0. 0 0. 0. 0;
3832, 0. 0. 0 0. 0. 0;
3842, 0. 0. 0 0. 0. 0;
3852, 0. 0. 0 0. 0. 0;
3862, 0. 0. 0 0. 0. 0;
3872, 0. 0. 0 0. 0. 0;
3882, 0. 0. 0 0. 0. 0;
3892, 0. 0. 0 0. 0. 0;
3902, 0. 0. 0 0. 0. 0;
3912, 0. 0. 0 0. 0. 0;
3922, 0. 0. 0 0. 0. 0;
3932, 0. 0. 0 0. 0. 0;
3942, 0. 0. 0 0. 0. 0;
3952, 0. 0. 0 0. 0. 0;
3962, 0. 0. 0 0. 0. 0;
3972, 0. 0. 0 0. 0. 0;
3982, 0. 0. 0 0. 0. 0;
3992, 0. 0. 0 0. 0. 0;
4002, 0. 0. 0 0. 0. 0;
4012, 0. 0. 0 0. 0. 0;
4022, 0. 0. 0 0. 0. 0;
4032, 0. 0. 0 0. 0. 0;
4042, 0. 0. 0 0. 0. 0;
4052, 0. 0. 0 0. 0. 0;
4062, 0. 0. 0 0. 0. 0;
4072, 0. 0. 0 0. 0. 0;
4082, 0. 0. 0 0. 0. 0;
4092, 0. 0. 0 0. 0. 0;
4102, 0. 0. 0 0. 0. 0;
4112, 0. 0. 0 0. 0. 0;
4122, 0. 0. 0 0. 0. 0;
4132, 0. 0. 0 0. 0. 0;
4142, 0. 0. 0 0. 0. 0;
4152, 0. 0. 0 0. 0. 0;
4162, 0. 0. 0 0. 0. 0;
4172, 0. 0. 0 0. 0. 0;
4182, 0. 0. 0 0. 0. 0;
4192, 0. 0. 0 0. 0. 0;
4202, 0. 0. 0 0. 0. 0;
4212, 0. 0. 0 0. 0. 0;
4222, 0. 0. 0 0. 0. 0;
4232, 0. 0. 0 0. 0. 0;
4242, 0. 0. 0 0. 0. 0;
4252, 0. 0. 0 0. 0. 0;
4262, 0. 0. 0 0. 0. 0;
4272, 0. 0. 0 0. 0. 0;
4282, 0. 0. 0 0. 0. 0;
4292, 0. 0. 0 0. 0. 0;
4302, 0. 0. 0 0. 0. 0;
4312, 0. 0. 0 0. 0. 0;
4322, 0. 0. 0 0. 0. 0;
4332, 0. 0. 0 0. 0. 0;
4342, 0. 0. 0 0. 0. 0;
4352, 0. 0. 0 0. 0. 0;
4362, 0. 0. 0 0. 0. 0;
4372, 0. 0. 0 0. 0. 0;
4382, 0. 0. 0 0. 0. 0;
4392, 0. 0. 0 0. 0. 0;
4402, 0. 0. 0 0. 0. 0;
4412, 0. 0. 0 0. 0. 0;
4422, 0. 0. 0 0. 0. 0;
4432, 0. 0. 0 0. 0. 0;
4442, 0. 0. 0 0. 0. 0;
4452, 0. 0. 0 0. 0. 0;
4462, 0. 0. 0 0. 0. 0;
4472, 0. 0. 0 0. 0. 0;
4482, 0. 0. 0 0. 0. 0;
4492, 0. 0. 0 0. 0. 0;
4502, 0. 0. 0 0. 0. 0;
4512, 0. 0. 0 0. 0. 0;
4522, 0. 0. 0 0. 0. 0;
4532, 0. 0. 0 0. 0. 0;
4542, 0. 0. 0 0. 0. 0;
4552, 0. 0. 0 0. 0. 0;
4562, 0. 0. 0 0. 0. 0;
4572, 0. 0. 0 0. 0. 0;
4582, 0. 0. 0 0. 0. 0;
4592, 0. 0. 0 0. 0. 0;
4602, 0. 0. 0 0. 0. 0;
4612, 0. 0. 0 0. 0. 0;
4622, 0. 0. 0 0. 0. 0;
4632, 0. 0. 0 0. 0. 0;
4642, 0. 0. 0 0. 0. 0;
4652, 0. 0. 0 0. 0. 0;
4662, 0. 0. 0 0. 0. 0;
4672, 0. 0. 0 0. 0. 0;
4682, 0. 0. 0 0. 0. 0;
4692, 0. 0. 0 0. 0. 0;
4702, 0. 0. 0 0. 0. 0;
4712, 0. 0. 0 0. 0. 0;
4722, 0. 0. 0 0. 0. 0;
4732, 0. 0. 0 0. 0. 0;
4742, 0. 0. 0 0. 0. 0;
4752, 0. 0. 0 0. 0. 0;
4762, 0. 0. 0 0. 0. 0;
4772, 0. 0. 0 0. 0. 0;
4782, 0. 0. 0 0. 0. 0;
4792, 0. 0. 0 0. 0. 0;
4802, 0. 0. 0 0. 0. 0;
4812, 0. 0. 0 0. 0. 0;
4822, 0. 0. 0 0. 0. 0;
4832, 0. 0. 0 0. 0. 0;
4842, 0. 0. 0 0. 0. 0;
4852, 0. 0. 0 0. 0. 0;
4862, 0. 0. 0 0. 0. 0;
4872, 0. 0. 0 0. 0. 0;
4882, 0. 0. 0 0. 0. 0;
4892, 0. 0. 0 0. 0. 0;
4902, 0. 0. 0 0. 0. 0;
4912, 0. 0. 0 0. 0. 0;
4922, 0. 0. 0 0. 0. 0;
4932, 0. 0. 0 0. 0. 0;
4942, 0. 0. 0 0. 0. 0;
4952, 0. 0. 0 0. 0. 0;
4962, 0. 0. 0 0. 0. 0;
4972, 0. 0. 0 0. 0. 0;
4982, 0. 0. 0 0. 0. 0;
4992, 0. 0. 0 0. 0. 0;
5002, 0. 0. 0 0. 0. 0;
5012, 0. 0. 0 0. 0. 0;
5022, 0. 0. 0 0. 0. 0;
5032, 0. 0. 0 0. 0. 0;
5042, 0. 0. 0 0. 0. 0;
5052, 0. 0. 0 0. 0. 0;
5062, 0. 0. 0 0. 0. 0;
5072, 0. 0. 0 0. 0. 0;
5082, 0. 0. 0 0. 0. 0;
5092, 0. 0. 0 0. 0. 0;
5102, 0. 0. 0 0. 0. 0;
5112, 0. 0. 0 0. 0. 0;
5122, 0. 0. 0 0. 0. 0;
5132, 0. 0. 0 0. 0. 0;
5142, 0. 0. 0 0. 0. 0;
5152, 0. 0. 0 0. 0. 0;
5162, 0. 0. 0 0. 0. 0;
5172, 0. 0. 0 0. 0. 0;
5182, 0. 0. 0 0. 0. 0;
5192, 0. 0. 0 0. 0. 0;
5202, 0. 0. 0 0. 0. 0;
5212, 0. 0. 0 0. 0. 0;
5222, 0. 0. 0 0. 0. 0;
5232, 0. 0. 0 0. 0. 0;
5242, 0. 0. 0 0. 0. 0;
5252, 0. 0. 0 0. 0. 0;
5262, 0. 0. 0 0. 0. 0;
5272, 0. 0. 0 0. 0. 0;
5282, 0. 0. 0 0. 0. 0;
5292, 0. 0. 0 0. 0. 0;
5302, 0. 0. 0 0. 0. 0;
5312, 0. 0. 0 0. 0. 0;
5322, 0. 0. 0 0. 0. 0;
5332, 0. 0. 0 0. 0. 0;
5342, 0. 0. 0 0. 0. 0;
5352, 0. 0. 0 0. 0. 0;
5362, 0. 0. 0 0. 0. 0;
5372, 0. 0. 0 0. 0. 0;
5382, 0. 0. 0 0. 0. 0;
5392, 0. 0. 0 0. 0. 0;
5402, 0. 0. 0 0. 0. 0;
5412, 0. 0. 0 0. 0. 0;
5422, 0. 0. 0 0. 0. 0;
5432, 0. 0. 0 0. 0. 0;
5442, 0. 0. 0 0. 0. 0;
5452, 0. 0. 0 0. 0. 0;
5462, 0. 0. 0 0. 0. 0;
5472, 0. 0. 0 0. 0. 0;
5482, 0. 0. 0 0. 0. 0;
5492, 0. 0. 0 0. 0. 0;
5502, 0. 0. 0 0. 0. 0;
5512, 0. 0. 0 0. 0. 0;
5522, 0. 0. 0 0. 0. 0;
5532, 0. 0. 0 0. 0. 0;
5542, 0. 0. 0 0. 0. 0;
5552, 0. 0. 0 0. 0. 0;
5562, 0. 0. 0 0. 0. 0;
5572, 0. 0. 0 0.088995 0.767493 1;
5582, 0.085227 0.77254 1 0.088995 0.767493 1;
5592, 0.085227 0.77254 1 0.088995 0.767493 1;
5602, 0.085227 0.77254 1 0.088995 0.767493 1;
5612, 0.085227 0.77254 1 0.088995 0.767493 1;
5622, 0.085227 0.77254 1 0.088995 0.767493 1;
5632, 0.085227 0.77254 1 0.091542 0.769616 1;
5642, 0.085227 0.77254 1 0.091542 0.769616 1;
5652, 0.085227 0.77254 1 0.091542 0.769616 1;
5662, 0.085227 0.77254 1 0.091542 0.769616 1;
5672, 0.085227 0.77254 1 0.091542 0.769616 1;
5682, 0.085227 0.77254 1 0.091542 0.769616 1;
5692, 0.085227 0.77254 1 0.091542 0.769616 1;
5702, 0.085227 0.77254 1 0.090693 0.768555 1;
5712, 0.085227 0.77254 1 0.090693 0.768555 1;
5722, 0.085227 0.77254 1 0.090693 0.768555 1;
5732, 0.085227 0.77254 1 0.090693 0.768555 1;
5742, 0.085227 0.77254 1 0.090693 0.768555 1;
5752, 0.085227 0.77254 1 0.090693 0.768555 1;
5762, 0.085227 0.77254 1 0.090693 0.768555 1;
5772, 0.085227 0.77254 1 0.090693 0.768555 1;
5782, 0.085227 0.77254 1 0.090693 0.768555 1;
5792, 0.085227 0.77254 1 0.090693 0.768555 1;
5802, 0.085227 0.77254 1 0.090693 0.768555 1;
5812, 0.085227 0.77254 1 0.090693 0.768555 1;
5822, 0.085227 0.77254 1 0.090693 0.768555 1;
5832, 0.085227 0.77254 1 0.090693 0.768555 1;
5842, 0.085227 0.77254 1 0.090693 0.768555 1;
5852, 0.085227 0.77254 1 0.090693 0.768555 1;
5862, 0.085227 0.77254 1 0.090693 0.768555 1;
5872, 0.085227 0.77254 1 0.090693 0.768555 1;
5882, 0.085227 0.77254 1 0.090693 0.768555 1;
5892, 0.085227 0.77254 1 0.090693 0.768555 1;
5902, 0.085227 0.77254 1 0.090693 0.768555 1;
5912, 0.085227 0.77254 1 0.090693 0.768555 1;
5922, 0.085227 0.77254 1 0.090693 0.768555 1;
5932, 0.085227 0.77254 1 0.090693 0.768555 1;
5942, 0.085227 0.77254 1 0.090693 0.768555 1;
5952, 0.085227 0.77254 1 0.090693 0.768555 1;
5962, 0.085227 0.77254 1 0.090693 0.768555 1;
5972, 0.085227 0.77254 1 0.090693 0.768555 1;
5982, 0.085227 0.77254 1 0.090693 0.768555 1;
5992, 0.085227 0.77254 1 0.090693 0.768555 1;
6002, 0.085227 0.77254 1 0.090693 0.768555 1;
6012, 0.085227 0.77254 1 0.090693 0.768555 1;
6022, 0.085227 0.77254 1 0.090693 0.768555 1;
6032, 0.085227 0.77254 1 0.090693 0.768555 1;
6042, 0.085227 0.77254 1 0.089844 0.767493 1;
6052, 0.085227 0.77254 1 0.089844 0.767493 1;
6062, 0.085227 0.77254 1 0.089844 0.767493 1;
6072, 0.085227 0.77254 1 0.089844 0.767493 1;
6082, 0.085227 0.77254 1 0.089844 0.767493 1;
6092, 0.085227 0.77254 1 0.089844 0.767493 1;
6102, 0.085227 0.77254 1 0.089844 0.767493 1;
6112, 0.085227 0.77254 1 0.089844 0.767493 1;
6122, 0.085227 0.77254 1 0.089844 0.767493 1;
6132, 0.085227 0.77254 1 0.089844 0.767493 1;
6142, 0.085227 0.77254 1 0.089844 0.767493 1;
6152, 0.085227 0.77254 1 0.089844 0.767493 1;
6162, 0.085227 0.77254 1 0.089844 0.767493 1;
6172, 0.085227 0.77254 1 0.089844 0.767493 1;
6182, 0.085227 0.77254 1 0.089844 0.767493 1;
6192, 0.085227 0.77254 1 0.089844 0.767493 1;
6202, 0.085227 0.77254 1 0.089844 0.767493 1;
6212, 0.085227 0.77254 1 0.089844 0.767493 1;
6222, 0.085227 0.77254 1 0.089844 0.767493 1;
6232, 0.085227 0.77254 1 0.089844 0.767493 1;
6242, 0.085227 0.77254 1 0.089844 0.767493 1;
6252, 0.085227 0.77254 1 0.089844 0.767493 1;
6262, 0.085227 0.77254 1 0.089844 0.767493 1;
6272, 0.085227 0.77254 1 0.089844 0.767493 1;
6282, 0.085227 0.77254 1 0.089844 0.767493 1;
6292, 0.085227 0.77254 1 0.089844 0.767493 1;
6302, 0.085227 0.77254 1 0.089844 0.767493 1;
6312, 0.085227 0.77254 1 0.089844 0.767493 1;
6322, 0.085227 0.77254 1 0.089844 0.767493 1;
6332, 0.085227 0.77254 1 0.089844 0.767493 1;
6342, 0.085227 0.77254 1 0.089844 0.767493 1;
6352, 0.085227 0.77254 1 0.089844 0.767493 1;
6362, 0.085227 0.77254 1 0.089844 0.767493 1;
6372, 0.085227 0.77254 1 0.089844 0.767493 1;
6382, 0.085227 0.77254 1 0.089844 0.767493 1;
6392, 0.085227 0.77254 1 0.089844 0.767493 1;
6402, 0.085227 0.77254 1 0.089844 0.767493 1;
6412, 0.085227 0.77254 1 0.089844 0.767493 1;
6422, 0.085227 0.77254 1 0.089844 0.767493 1;
6432, 0.085227 0.77254 1 0.089844 0.767493 1;
6442, 0.085227 0.77254 1 0.089844 0.767493 1;
6452, 0.085227 0.77254 1 0.089844 0.767493 1;
6462, 0.085227 0.77254 1 0.089844 0.767493 1;
6472, 0.085227 0.77254 1 0.089844 0.767493 1;
6482, 0.085227 0.77254 1 0.089844 0.767493 1;
6492, 0.085227 0.77254 1 0.089844 0.767493 1;
6502, 0.085227 0.77254 1 0.089844 0.767493 1;
6512, 0.085227 0.77254 1 0.089844 0.767493 1;
6522, 0.085227 0.77254 1 0.089844 0.767493 1;
6532, 0.085227 0.77254 1 0.089844 0.767493 1;
6542, 0.085227 0.77254 1 0.089844 0.767493 1;
6552, 0.085227 0.77254 1 0.089844 0.767493 1;
6562, 0.085227 0.77254 1 0.089844 0.767493 1;
6572, 0.085227 0.77254 1 0.089844 0.767493 1;
6582, 0.085227 0.77254 1 0.089844 0.767493 1;
6592, 0.085227 0.77254 1 0.089844 0.767493 1;
6602, 0.085227 0.77254 1 0.089844 0.767493 1;
6612, 0.085227 0.77254 1 0.089844 0.767493 1;
6622, 0.085227 0.77254 1 0.089844 0.767493 1;
6632, 0.085227 0.77254 1 0.089844 0.767493 1;
6642, 0.085227 0.77254 1 0.089844 0.767493 1;
6652, 0.085227 0.77254 1 0.089844 0.767493 1;
6662, 0.085227 0.77254 1 0.089844 0.767493 1;
6672, 0.085227 0.77254 1 0.089844 0.767493 1;
6682, 0.085227 0.77254 1 0.089844 0.767493 1;
6692, 0.085227 0.77254 1 0.089844 0.767493 1;
6702, 0.085227 0.77254 1 0.089844 0.767493 1;
6712, 0.085227 0.77254 1 0.089844 0.767493 1;
6722, 0.085227 0.77254 1 0.089844 0.767493 1;
6732, 0.085227 0.77254 1 0.089844 0.767493 1;
6742, 0.085227 0.77254 1 0.089844 0.767493 1;
6752, 0.085227 0.77254 1 0.089844 0.767493 1;
6762, 0.085227 0.77254 1 0.089844 0.767493 1;
6772, 0.085227 0.77254 1 0.089844 0.767493 1;
6782, 0.085227 0.77254 1 0.089844 0.767493 1;
6792, 0.085227 0.77254 1 0.089844 0.767493 1;
6802, 0.085227 0.77254 1 0.089844 0.767493 1;
6812, 0.085227 0.77254 1 0.089844 0.767493 1;
6822, 0.085227 0.77254 1 0.089844 0.767493 1;
6832, 0.085227 0.77254 1 0.089844 0.767493 1;
6842, 0.085227 0.77254 1 0.089844 0.767493 1;
6852, 0.085227 0.77254 1 0.089844 0.767493 1;
6862, 0.085227 0.77254 1 0.089844 0.767493 1;
6872, 0.085227 0.77254 1 0.089844 0.767493 1;
6882, 0.085227 0.77254 1 0.089844 0.767493 1;
6892, 0.085227 0.77254 1 0.089844 0.767493 1;
6902, 0.085227 0.77254 1 0.089844 0.767493 1;
6912, 0.085227 0.77254 1 0.089844 0.767493 1;
6922, 0.085227 0.77254 1 0.089844 0.767493 1;
6932, 0.085227 0.77254 1 0.089844 0.767493 1;
6942, 0.085227 0.77254 1 0.089844 0.767493 1;
6952, 0.085227 0.77254 1 0.089844 0.767493 1;
6962, 0.085227 0.77254 1 0.089844 0.767493 1;
6972, 0.085227 0.77254 1 0.089844 0.767493 1;
6982, 0.085227 0.77254 1 0.089844 0.767493 1;
6992, 0.085227 0.77254 1 0.089844 0.767493 1;
7002, 0.085227 0.77254 1 0.089844 0.767493 1;
7012, 0.083649 0.767864 1 0.089844 0.767493 1;
7022, 0.083649 0.767864 1 0.090693 0.767493 1;
7032, 0.083649 0.766929 1 0.090693 0.767493 1;
7042, 0.083123 0.765058 1 0.090693 0.767493 1;
7052, 0.082597 0.764123 1 0.090693 0.767493 1;
7062, 0.082597 0.764123 1 0.090693 0.767493 1;
7072, 0.082597 0.763187 1 0.090693 0.767493 1;
7082, 0.081545 0.760382 1 0.090693 0.767493 1;
7092, 0.081545 0.758511 1 0.090693 0.767493 1;
7102, 0.081545 0.758511 1 0.090693 0.767493 1;
7112, 0.080492 0.755705 1 0.090693 0.767493 1;
7122, 0.080492 0.752899 1 0.090693 0.767493 1;
7132, 0.079966 0.751029 1 0.090693 0.767493 1;
7142, 0.079966 0.751029 1 0.090693 0.767493 1;
7152, 0.07944 0.745417 1 0.090693 0.767493 1;
7162, 0.078914 0.743547 1 0.090693 0.767493 1;
7172, 0.078914 0.743547 1 0.090693 0.767493 1;
7182, 0.078388 0.73887 1 0.091542 0.767493 1;
7192, 0.077862 0.735129 1 0.091542 0.767493 1;
7202, 0.077862 0.735129 1 0.091542 0.767493 1;
7212, 0.077336 0.730453 1 0.091542 0.767493 1;
7222, 0.07681 0.727647 1 0.091542 0.767493 1;
7232, 0.076284 0.725776 1 0.091542 0.767493 1;
7242, 0.076284 0.725776 1 0.091542 0.767493 1;
7252, 0.075758 0.7211 1 0.091542 0.767493 1;
7262, 0.075231 0.718294 1 0.091542 0.767493 1;
7272, 0.075231 0.718294 1 0.091542 0.767493 1;
7282, 0.074705 0.714553 1 0.091542 0.767493 1;
7292, 0.074179 0.712682 1 0.091542 0.767493 1;
7302, 0.074179 0.712682 1 0.091542 0.767493 1;
7312, 0.073653 0.708941 1 0.091542 0.767493 1;
7322, 0.073653 0.707071 1 0.091542 0.767493 1;
7332, 0.073653 0.707071 1 0.091542 0.767493 1;
7342, 0.073127 0.70333 1 0.091542 0.767493 1;
7352, 0.072601 0.701459 1 0.091542 0.767493 1;
7362, 0.072601 0.700524 1 0.091542 0.767493 1;
7372, 0.072601 0.700524 1 0.091542 0.767493 1;
7382, 0.072075 0.696783 1 0.091542 0.767493 1;
7392, 0.072075 0.694912 1 0.091542 0.767493 1;
7402, 0.072075 0.693977 1 0.091542 0.767493 1;
7412, 0.071549 0.692106 1 0.091542 0.767493 1;
7422, 0.071549 0.688365 1 0.091542 0.767493 1;
7432, 0.071549 0.68743 1 0.091542 0.767493 1;
7442, 0.071023 0.684624 1 0.091542 0.767493 1;
7452, 0.071023 0.681818 1 0.091542 0.767493 1;
7462, 0.071023 0.679948 1 0.091542 0.767493 1;
7472, 0.071023 0.679948 1 0.091542 0.767493 1;
7482, 0.071023 0.677142 1 0.091542 0.767493 1;
7492, 0.070497 0.674336 1 0.091542 0.767493 1;
7502, 0.070497 0.674336 1 0.091542 0.767493 1;
7512, 0.070497 0.670595 1 0.091542 0.767493 1;
7522, 0.070497 0.668724 1 0.091542 0.767493 1;
7532, 0.070497 0.667789 1 0.091542 0.767493 1;
7542, 0.069971 0.665918 1 0.091542 0.767493 1;
7552, 0.069971 0.664048 1 0.091542 0.767493 1;
7562, 0.069971 0.663113 1 0.091542 0.767493 1;
7572, 0.069971 0.663113 1 0.091542 0.767493 1;
7582, 0.069971 0.660307 1 0.091542 0.767493 1;
7592, 0.069444 0.658436 1 0.091542 0.767493 1;
7602, 0.069444 0.658436 1 0.091542 0.767493 1;
7612, 0.068918 0.65563 1 0.092391 0.767493 1;
7622, 0.068918 0.65563 1 0.092391 0.767493 1;
7632, 0.068918 0.654695 1 0.092391 0.767493 1;
7642, 0.068918 0.652825 1 0.092391 0.767493 1;
7652, 0.068918 0.650954 1 0.092391 0.767493 1;
7662, 0.068918 0.650019 1 0.092391 0.767493 1;
7672, 0.068918 0.650019 1 0.092391 0.767493 1;
7682, 0.068392 0.648148 1 0.092391 0.767493 1;
7692, 0.068392 0.648148 1 0.092391 0.767493 1;
7702, 0.068392 0.647213 1 0.092391 0.767493 1;
7712, 0.068392 0.647213 1 0.092391 0.767493 1;
7722, 0.068392 0.647213 1 0.092391 0.767493 1;
7732, 0.068392 0.646278 1 0.092391 0.767493 1;
7742, 0.068392 0.646278 1 0.092391 0.767493 1;
7752, 0.067866 0.644407 1 0.092391 0.767493 1;
7762, 0.067866 0.644407 1 0.092391 0.767493 1;
7772, 0.067866 0.644407 1 0.092391 0.767493 1;
7782, 0.067866 0.644407 1 0.092391 0.767493 1;
7792, 0.067866 0.639731 1 0.092391 0.767493 1;
7802, 0.067866 0.63786 1 0.092391 0.767493 1;
7812, 0.067866 0.635054 1 0.092391 0.767493 1;
7822, 0.067866 0.633184 1 0.092391 0.767493 1;
7832, 0.06734 0.632248 1 0.092391 0.767493 1;
7842, 0.06734 0.630378 1 0.092391 0.767493 1;
7852, 0.06734 0.630378 1 0.092391 0.767493 1;
7862, 0.06734 0.628507 1 0.092391 0.767493 1;
7872, 0.06734 0.628507 1 0.092391 0.767493 1;
7882, 0.06734 0.628507 1 0.092391 0.767493 1;
7892, 0.06734 0.627572 1 0.092391 0.767493 1;
7902, 0.06734 0.627572 1 0.092391 0.767493 1;
7912, 0.06734 0.626637 1 0.092391 0.767493 1;
7922, 0.06734 0.626637 1 0.092391 0.767493 1;
7932, 0.06734 0.624766 1 0.092391 0.767493 1;
7942, 0.06734 0.624766 1 0.092391 0.767493 1;
7952, 0.06734 0.624766 1 0.092391 0.767493 1;
7962, 0.06734 0.623831 1 0.092391 0.767493 1;
7972, 0.06734 0.62196 1 0.092391 0.767493 1;
7982, 0.06734 0.62196 1 0.092391 0.767493 1;
7992, 0.06734 0.621025 1 0.092391 0.767493 1;
8002, 0.06734 0.62009 1 0.092391 0.767493 1;
8012, 0.06734 0.62009 1 0.092391 0.767493 1;
8022, 0.06734 0.62009 1 0.092391 0.767493 1;
8032, 0.06734 0.618219 1 0.092391 0.767493 1;
8042, 0.06734 0.617284 1 0.092391 0.767493 1;
8052, 0.06734 0.617284 1 0.092391 0.767493 1;
8062, 0.06734 0.615413 1 0.092391 0.767493 1;
8072, 0.06734 0.615413 1 0.092391 0.767493 1;
8082, 0.06734 0.615413 1 0.092391 0.767493 1;
8092, 0.06734 0.614478 1 0.092391 0.767493 1;
8102, 0.06734 0.614478 1 0.092391 0.767493 1;
8112, 0.06734 0.612608 1 0.092391 0.767493 1;
8122, 0.06734 0.612608 1 0.092391 0.767493 1;
8132, 0.06734 0.611672 1 0.092391 0.767493 1;
8142, 0.06734 0.611672 1 0.092391 0.767493 1;
8152, 0.06734 0.611672 1 0.092391 0.767493 1;
8162, 0.06734 0.610737 1 0.092391 0.767493 1;
8172, 0.06734 0.608866 1 0.092391 0.767493 1;
8182, 0.06734 0.608866 1 0.092391 0.767493 1;
8192, 0.066814 0.607931 1 0.092391 0.767493 1;
8202, 0.066814 0.607931 1 0.092391 0.767493 1;
8212, 0.066814 0.606061 1 0.092391 0.767493 1;
8222, 0.066814 0.606061 1 0.092391 0.767493 1;
8232, 0.066814 0.605125 1 0.092391 0.767493 1;
8242, 0.066814 0.605125 1 0.092391 0.767493 1;
8252, 0.066814 0.605125 1 0.092391 0.767493 1;
8262, 0.066814 0.605125 1 0.092391 0.767493 1;
8272, 0.066814 0.605125 1 0.092391 0.767493 1;
8282, 0.066814 0.605125 1 0.092391 0.767493 1;
8292, 0.066814 0.605125 1 0.092391 0.767493 1;
8302, 0.066814 0.605125 1 0.092391 0.767493 1;
8312, 0.066814 0.605125 1 0.092391 0.767493 1;
8322, 0.067866 0.605125 1 0.092391 0.767493 1;
8332, 0.068392 0.606061 1 0.092391 0.767493 1;
8342, 0.068918 0.606996 1 0.091542 0.766432 1;
8352, 0.068918 0.606996 1 0.091542 0.766432 1;
8362, 0.069444 0.609802 1 0.091542 0.766432 1;
8372, 0.069971 0.610737 1 0.091542 0.766432 1;
8382, 0.069971 0.610737 1 0.091542 0.766432 1;
8392, 0.070497 0.614478 1 0.091542 0.766432 1;
8402, 0.071023 0.617284 1 0.091542 0.766432 1;
8412, 0.071023 0.618219 1 0.091542 0.766432 1;
8422, 0.071549 0.62009 1 0.091542 0.766432 1;
8432, 0.072075 0.623831 1 0.091542 0.766432 1;
8442, 0.072601 0.624766 1 0.091542 0.766432 1;
8452, 0.072601 0.628507 1 0.091542 0.766432 1;
8462, 0.073127 0.635054 1 0.091542 0.766432 1;
8472, 0.073653 0.63786 1 0.091542 0.766432 1;
8482, 0.074179 0.640666 1 0.091542 0.766432 1;
8492, 0.074705 0.644407 1 0.091542 0.766432 1;
8502, 0.075231 0.648148 1 0.091542 0.766432 1;
8512, 0.075758 0.650019 1 0.091542 0.766432 1;
8522, 0.076284 0.652825 1 0.091542 0.766432 1;
8532, 0.07681 0.657501 1 0.091542 0.766432 1;
8542, 0.077336 0.663113 1 0.091542 0.766432 1;
8552, 0.077336 0.664983 1 0.091542 0.766432 1;
8562, 0.077862 0.66966 1 0.091542 0.766432 1;
8572, 0.078388 0.674336 1 0.091542 0.766432 1;
8582, 0.078388 0.676207 1 0.091542 0.766432 1;
8592, 0.078388 0.676207 1 0.091542 0.766432 1;
8602, 0.078914 0.683689 1 0.091542 0.766432 1;
8612, 0.078914 0.68743 1 0.091542 0.766432 1;
8622, 0.078914 0.68743 1 0.091542 0.766432 1;
8632, 0.07944 0.693977 1 0.091542 0.766432 1;
8642, 0.079966 0.697718 1 0.091542 0.766432 1;
8652, 0.080492 0.699589 1 0.091542 0.766432 1;
8662, 0.080492 0.704265 1 0.091542 0.766432 1;
8672, 0.081019 0.707071 1 0.091542 0.766432 1;
8682, 0.081545 0.708941 1 0.091542 0.766432 1;
8692, 0.082071 0.711747 1 0.091542 0.766432 1;
8702, 0.082597 0.714553 1 0.091542 0.766432 1;
8712, 0.082597 0.716424 1 0.091542 0.766432 1;
8722, 0.082597 0.716424 1 0.091542 0.766432 1;
8732, 0.083123 0.720165 1 0.091542 0.766432 1;
8742, 0.083649 0.72297 1 0.091542 0.766432 1;
8752, 0.083649 0.723906 1 0.091542 0.766432 1;
8762, 0.083649 0.725776 1 0.091542 0.766432 1;
8772, 0.084175 0.727647 1 0.091542 0.766432 1;
8782, 0.084701 0.728582 1 0.091542 0.766432 1;
8792, 0.084701 0.730453 1 0.091542 0.766432 1;
8802, 0.085227 0.731388 1 0.091542 0.766432 1;
8812, 0.085227 0.733259 1 0.091542 0.766432 1;
8822, 0.085753 0.735129 1 0.091542 0.766432 1;
8832, 0.085753 0.736064 1 0.091542 0.766432 1;
8842, 0.086806 0.73887 1 0.091542 0.766432 1;
8852, 0.086806 0.73887 1 0.091542 0.766432 1;
8862, 0.087332 0.740741 1 0.091542 0.766432 1;
8872, 0.087332 0.740741 1 0.091542 0.766432 1;
8882, 0.088384 0.743547 1 0.091542 0.766432 1;
8892, 0.08891 0.744482 1 0.091542 0.766432 1;
8902, 0.08891 0.745417 1 0.091542 0.766432 1;
8912, 0.089436 0.747288 1 0.091542 0.766432 1;
8922, 0.089436 0.747288 1 0.091542 0.766432 1;
8932, 0.089962 0.749158 1 0.091542 0.766432 1;
8942, 0.090488 0.750094 1 0.091542 0.766432 1;
8952, 0.090488 0.751964 1 0.091542 0.766432 1;
8962, 0.091014 0.752899 1 0.091542 0.766432 1;
8972, 0.091014 0.75477 1 0.091542 0.766432 1;
8982, 0.091014 0.75477 1 0.091542 0.766432 1;
8992, 0.09154 0.755705 1 0.092391 0.766432 1;
9002, 0.092067 0.757576 1 0.092391 0.766432 1;
9012, 0.092067 0.758511 1 0.092391 0.766432 1;
9022, 0.092067 0.758511 1 0.092391 0.766432 1;
9032, 0.092593 0.759446 1 0.092391 0.766432 1;
9042, 0.092593 0.759446 1 0.092391 0.766432 1;
9052, 0.093119 0.760382 1 0.092391 0.766432 1;
9062, 0.093645 0.762252 1 0.092391 0.766432 1;
9072, 0.093645 0.762252 1 0.092391 0.766432 1;
9082, 0.094171 0.763187 1 0.092391 0.766432 1;
9092, 0.094171 0.763187 1 0.092391 0.766432 1;
9102, 0.094697 0.764123 1 0.092391 0.766432 1;
9112, 0.094697 0.764123 1 0.092391 0.766432 1;
9122, 0.094697 0.764123 1 0.092391 0.766432 1;
9132, 0.094697 0.765058 1 0.092391 0.766432 1;
9142, 0.095223 0.765993 1 0.092391 0.766432 1;
9152, 0.095749 0.767864 1 0.092391 0.766432 1;
9162, 0.095749 0.768799 1 0.092391 0.766432 1;
9172, 0.095749 0.768799 1 0.092391 0.766432 1;
9182, 0.096275 0.771605 1 0.092391 0.766432 1;
9192, 0.096801 0.77254 1 0.092391 0.766432 1;
9202, 0.097327 0.773476 1 0.092391 0.766432 1;
9212, 0.097854 0.775346 1 0.092391 0.766432 1;
9222, 0.097854 0.775346 1 0.092391 0.766432 1;
9232, 0.09838 0.778152 1 0.092391 0.766432 1;
9242, 0.098906 0.779087 1 0.092391 0.766432 1;
9252, 0.098906 0.779087 1 0.092391 0.766432 1;
9262, 0.099958 0.780958 1 0.092391 0.766432 1;
9272, 0.10101 0.781893 1 0.092391 0.766432 1;
9282, 0.101536 0.783764 1 0.092391 0.766432 1;
9292, 0.101536 0.783764 1 0.092391 0.766432 1;
9302, 0.102062 0.785634 1 0.092391 0.766432 1;
9312, 0.103641 0.78844 1 0.09324 0.766432 1;
9322, 0.103641 0.78844 1 0.09324 0.766432 1;
9332, 0.104693 0.790311 1 0.09409 0.766432 1;
9342, 0.104693 0.790311 1 0.09409 0.766432 1;
9352, 0.105219 0.791246 1 0.094939 0.766432 1;
9362, 0.105745 0.792181 1 0.095788 0.766432 1;
9372, 0.106797 0.794052 1 0.096637 0.766432 1;
9382, 0.106797 0.794052 1 0.097486 0.767493 1;
9392, 0.106797 0.794052 1 0.098336 0.767493 1;
9402, 0.108902 0.796857 1 0.100034 0.767493 1;
9412, 0.109428 0.797793 1 0.100883 0.767493 1;
9422, 0.109428 0.797793 1 0.101732 0.767493 1;
9432, 0.11048 0.799663 1 0.102582 0.768555 1;
9442, 0.111532 0.800599 1 0.10428 0.768555 1;
9452, 0.112584 0.801534 1 0.105129 0.768555 1;
9462, 0.113636 0.802469 1 0.107677 0.769616 1;
9472, 0.114162 0.803404 1 0.108526 0.769616 1;
9482, 0.115215 0.80434 1 0.109375 0.769616 1;
9492, 0.115215 0.80434 1 0.111073 0.770678 1;
9502, 0.116793 0.80621 1 0.111923 0.770678 1;
9512, 0.118371 0.808081 1 0.113621 0.770678 1;
9522, 0.118371 0.808081 1 0.11447 0.770678 1;
9532, 0.120476 0.809951 1 0.115319 0.771739 1;
9542, 0.121528 0.811822 1 0.116168 0.771739 1;
9552, 0.12258 0.812757 1 0.117018 0.771739 1;
9562, 0.124158 0.813693 1 0.117867 0.771739 1;
9572, 0.124684 0.814628 1 0.119565 0.772801 1;
9582, 0.12521 0.815563 1 0.119565 0.772801 1;
9592, 0.12521 0.815563 1 0.121264 0.772801 1;
9602, 0.127315 0.817434 1 0.121264 0.772801 1;
9612, 0.128893 0.819304 1 0.122113 0.773862 1;
9622, 0.128893 0.819304 1 0.122113 0.773862 1;
9632, 0.130471 0.821175 1 0.123811 0.773862 1;
9642, 0.131524 0.821175 1 0.12466 0.774924 1;
9652, 0.132576 0.82211 1 0.12466 0.774924 1;
9662, 0.133102 0.823045 1 0.126359 0.774924 1;
9672, 0.133628 0.823981 1 0.127208 0.774924 1;
9682, 0.13468 0.823981 1 0.128057 0.775985 1;
9692, 0.13468 0.823981 1 0.128906 0.775985 1;
9702, 0.136258 0.825851 1 0.128906 0.775985 1;
9712, 0.137837 0.826786 1 0.129755 0.775985 1;
9722, 0.137837 0.826786 1 0.129755 0.775985 1;
9732, 0.139415 0.827722 1 0.131454 0.777047 1;
9742, 0.139415 0.827722 1 0.131454 0.777047 1;
9752, 0.139941 0.828657 1 0.132303 0.777047 1;
9762, 0.139941 0.828657 1 0.132303 0.777047 1;
9772, 0.142045 0.831463 1 0.134001 0.777047 1;
9782, 0.142572 0.831463 1 0.134851 0.778108 1;
9792, 0.142572 0.831463 1 0.1357 0.778108 1;
9802, 0.144676 0.833333 1 0.136549 0.778108 1;
9812, 0.145202 0.834269 1 0.136549 0.778108 1;
9822, 0.145202 0.834269 1 0.137398 0.779169 1;
9832, 0.14678 0.835204 1 0.138247 0.779169 1;
9842, 0.147306 0.835204 1 0.139096 0.779169 1;
9852, 0.147306 0.835204 1 0.139946 0.779169 1;
9862, 0.149411 0.837074 1 0.140795 0.780231 1;
9872, 0.149937 0.837074 1 0.140795 0.780231 1;
9882, 0.150989 0.837074 1 0.140795 0.780231 1;
9892, 0.150989 0.837074 1 0.142493 0.780231 1;
9902, 0.151515 0.83801 1 0.142493 0.780231 1;
9912, 0.152567 0.838945 1 0.144192 0.781292 1;
9922, 0.152567 0.838945 1 0.144192 0.781292 1;
9932, 0.153093 0.838945 1 0.145041 0.781292 1;
9942, 0.15362 0.83988 1 0.14589 0.781292 1;
9952, 0.154672 0.83988 1 0.146739 0.781292 1;
9962, 0.155198 0.840816 1 0.147588 0.781292 1;
9972, 0.15625 0.840816 1 0.148438 0.781292 1;
9982, 0.157302 0.841751 1 0.148438 0.781292 1;
9992, 0.157302 0.841751 1 0.148438 0.781292 1;
10002, 0.157828 0.841751 1 0.149287 0.782354 1;
10012, 0.15888 0.841751 1 0.150136 0.782354 1;
10022, 0.15888 0.841751 1 0.150136 0.782354 1;
10032, 0.160459 0.843621 1 0.150985 0.782354 1;
10042, 0.160459 0.843621 1 0.150985 0.782354 1;
10052, 0.160985 0.843621 1 0.152683 0.782354 1;
10062, 0.162037 0.843621 1 0.153533 0.782354 1;
10072, 0.163089 0.843621 1 0.153533 0.782354 1;
10082, 0.164668 0.843621 1 0.153533 0.782354 1;
10092, 0.164668 0.843621 1 0.154382 0.782354 1;
10102, 0.165194 0.843621 1 0.154382 0.782354 1;
10112, 0.167298 0.843621 1 0.154382 0.782354 1;
10122, 0.167824 0.843621 1 0.155231 0.781292 1;
10132, 0.168876 0.842686 1 0.155231 0.781292 1;
10142, 0.168876 0.842686 1 0.155231 0.781292 1;
10152, 0.169402 0.842686 1 0.155231 0.780231 1;
10162, 0.170455 0.841751 1 0.155231 0.780231 1;
10172, 0.170981 0.840816 1 0.15608 0.779169 1;
10182, 0.172033 0.840816 1 0.15608 0.779169 1;
10192, 0.172033 0.840816 1 0.15608 0.779169 1;
10202, 0.172559 0.83988 1 0.15608 0.779169 1;
10212, 0.172559 0.83988 1 0.156929 0.778108 1;
10222, 0.172559 0.83988 1 0.156929 0.778108 1;
10232, 0.173085 0.838945 1 0.156929 0.778108 1;
10242, 0.173085 0.838945 1 0.156929 0.778108 1;
10252, 0.173611 0.837074 1 0.156929 0.777047 1;
10262, 0.174137 0.836139 1 0.156929 0.777047 1;
10272, 0.174137 0.836139 1 0.156929 0.775985 1;
10282, 0.174137 0.836139 1 0.156929 0.775985 1;
10292, 0.174137 0.836139 1 0.156929 0.775985 1;
10302, 0.174137 0.835204 1 0.156929 0.772801 1;
10312, 0.174137 0.835204 1 0.156929 0.772801 1;
10322, 0.174137 0.835204 1 0.156929 0.772801 1;
10332, 0.174663 0.834269 1 0.156929 0.770678 1;
10342, 0.174663 0.834269 1 0.156929 0.770678 1;
10352, 0.174663 0.834269 1 0.156929 0.769616 1;
10362, 0.174663 0.832398 1 0.156929 0.767493 1;
10372, 0.174663 0.832398 1 0.156929 0.766432 1;
10382, 0.174663 0.832398 1 0.156929 0.766432 1;
10392, 0.174663 0.832398 1 0.156929 0.766432 1;
10402, 0.174663 0.831463 1 0.156929 0.763247 1;
10412, 0.174663 0.831463 1 0.156929 0.762186 1;
10422, 0.174663 0.831463 1 0.156929 0.762186 1;
10432, 0.174663 0.829592 1 0.15608 0.761124 1;
10442, 0.174663 0.829592 1 0.15608 0.759001 1;
10452, 0.174137 0.828657 1 0.15608 0.75794 1;
10462, 0.174137 0.828657 1 0.15608 0.75794 1;
10472, 0.174137 0.828657 1 0.15608 0.756878 1;
10482, 0.174137 0.826786 1 0.15608 0.756878 1;
10492, 0.174137 0.826786 1 0.15608 0.754755 1;
10502, 0.174137 0.825851 1 0.155231 0.753694 1;
10512, 0.174137 0.825851 1 0.155231 0.753694 1;
10522, 0.174137 0.825851 1 0.155231 0.753694 1;
10532, 0.174137 0.823981 1 0.155231 0.752632 1;
10542, 0.174137 0.823045 1 0.155231 0.751571 1;
10552, 0.174137 0.823045 1 0.155231 0.751571 1;
10562, 0.173611 0.821175 1 0.155231 0.75051 1;
10572, 0.173611 0.820239 1 0.154382 0.748387 1;
10582, 0.173611 0.820239 1 0.154382 0.748387 1;
10592, 0.173611 0.820239 1 0.154382 0.748387 1;
10602, 0.173085 0.817434 1 0.154382 0.746264 1;
10612, 0.173085 0.817434 1 0.154382 0.746264 1;
10622, 0.173085 0.816498 1 0.154382 0.746264 1;
10632, 0.173085 0.814628 1 0.154382 0.744141 1;
10642, 0.172559 0.813693 1 0.153533 0.743079 1;
10652, 0.172559 0.813693 1 0.153533 0.742018 1;
10662, 0.172559 0.811822 1 0.153533 0.740956 1;
10672, 0.172559 0.810887 1 0.152683 0.739895 1;
10682, 0.172033 0.809016 1 0.152683 0.739895 1;
10692, 0.172033 0.809016 1 0.152683 0.739895 1;
10702, 0.172033 0.808081 1 0.151834 0.737772 1;
10712, 0.172033 0.80621 1 0.151834 0.737772 1;
10722, 0.171507 0.805275 1 0.151834 0.735649 1;
10732, 0.170981 0.80434 1 0.150985 0.734587 1;
10742, 0.170981 0.802469 1 0.150985 0.734587 1;
10752, 0.170981 0.802469 1 0.150985 0.733526 1;
10762, 0.170455 0.801534 1 0.150136 0.732464 1;
10772, 0.170455 0.801534 1 0.150136 0.731403 1;
10782, 0.170455 0.799663 1 0.150136 0.731403 1;
10792, 0.170455 0.799663 1 0.150136 0.731403 1;
10802, 0.169402 0.797793 1 0.149287 0.72928 1;
10812, 0.169402 0.797793 1 0.148438 0.728218 1;
10822, 0.169402 0.797793 1 0.148438 0.728218 1;
10832, 0.168876 0.794987 1 0.148438 0.727157 1;
10842, 0.168876 0.794987 1 0.148438 0.725034 1;
10852, 0.168876 0.794987 1 0.147588 0.723972 1;
10862, 0.16835 0.792181 1 0.146739 0.722911 1;
10872, 0.16835 0.792181 1 0.146739 0.72185 1;
10882, 0.167824 0.791246 1 0.14589 0.720788 1;
10892, 0.167824 0.791246 1 0.145041 0.718665 1;
10902, 0.167298 0.790311 1 0.145041 0.718665 1;
10912, 0.166772 0.78844 1 0.144192 0.716542 1;
10922, 0.166246 0.787505 1 0.144192 0.716542 1;
10932, 0.166246 0.787505 1 0.144192 0.715481 1;
10942, 0.166246 0.786569 1 0.143342 0.714419 1;
10952, 0.16572 0.784699 1 0.142493 0.713358 1;
10962, 0.16572 0.784699 1 0.142493 0.712296 1;
10972, 0.165194 0.783764 1 0.142493 0.712296 1;
10982, 0.164668 0.782828 1 0.141644 0.711235 1;
10992, 0.164668 0.782828 1 0.140795 0.710173 1;
11002, 0.164141 0.781893 1 0.140795 0.709112 1;
11012, 0.164141 0.781893 1 0.140795 0.709112 1;
11022, 0.163615 0.780958 1 0.139946 0.70805 1;
11032, 0.163089 0.780022 1 0.139096 0.706989 1;
11042, 0.163089 0.780022 1 0.139096 0.705927 1;
11052, 0.162563 0.778152 1 0.138247 0.704866 1;
11062, 0.161511 0.776281 1 0.137398 0.703804 1;
11072, 0.161511 0.776281 1 0.137398 0.702743 1;
11082, 0.160985 0.775346 1 0.137398 0.702743 1;
11092, 0.160985 0.775346 1 0.137398 0.702743 1;
11102, 0.159933 0.77254 1 0.136549 0.70062 1;
11112, 0.159407 0.771605 1 0.1357 0.699558 1;
11122, 0.15888 0.769734 1 0.1357 0.699558 1;
11132, 0.158354 0.767864 1 0.1357 0.698497 1;
11142, 0.157302 0.765058 1 0.134851 0.697435 1;
11152, 0.157302 0.765058 1 0.134001 0.696374 1;
11162, 0.155724 0.763187 1 0.133152 0.695313 1;
11172, 0.155724 0.763187 1 0.133152 0.694251 1;
11182, 0.154672 0.760382 1 0.133152 0.694251 1;
11192, 0.154672 0.760382 1 0.132303 0.69319 1;
11202, 0.15362 0.757576 1 0.132303 0.69319 1;
11212, 0.152567 0.75477 1 0.131454 0.691067 1;
11222, 0.152567 0.75477 1 0.131454 0.691067 1;
11232, 0.151515 0.752899 1 0.130605 0.690005 1;
11242, 0.150463 0.751029 1 0.130605 0.687882 1;
11252, 0.149411 0.749158 1 0.130605 0.687882 1;
11262, 0.148885 0.746352 1 0.128906 0.685759 1;
11272, 0.148359 0.745417 1 0.128906 0.685759 1;
11282, 0.147832 0.743547 1 0.128057 0.683636 1;
11292, 0.147832 0.743547 1 0.128057 0.683636 1;
11302, 0.146254 0.739805 1 0.127208 0.681513 1;
11312, 0.145202 0.737 1 0.127208 0.681513 1;
11322, 0.144676 0.736064 1 0.126359 0.680452 1;
11332, 0.143624 0.733259 1 0.12551 0.678329 1;
11342, 0.143098 0.729517 1 0.12551 0.677267 1;
11352, 0.142572 0.728582 1 0.12466 0.676206 1;
11362, 0.141519 0.725776 1 0.123811 0.675144 1;
11372, 0.140993 0.72297 1 0.123811 0.674083 1;
11382, 0.140467 0.722035 1 0.123811 0.673021 1;
11392, 0.140467 0.722035 1 0.123811 0.673021 1;
11402, 0.139415 0.718294 1 0.122962 0.67196 1;
11412, 0.138889 0.716424 1 0.122113 0.670898 1;
11422, 0.138363 0.715488 1 0.122113 0.670898 1;
11432, 0.137311 0.712682 1 0.122113 0.669837 1;
11442, 0.136785 0.709877 1 0.121264 0.668775 1;
11452, 0.136785 0.708941 1 0.121264 0.668775 1;
11462, 0.135732 0.7052 1 0.121264 0.667714 1;
11472, 0.135732 0.704265 1 0.121264 0.667714 1;
11482, 0.135206 0.702394 1 0.120414 0.666653 1;
11492, 0.135206 0.702394 1 0.120414 0.666653 1;
11502, 0.13468 0.698653 1 0.120414 0.665591 1;
11512, 0.134154 0.694912 1 0.120414 0.665591 1;
11522, 0.134154 0.693042 1 0.119565 0.663468 1;
11532, 0.133628 0.6893 1 0.119565 0.663468 1;
11542, 0.133628 0.685559 1 0.119565 0.663468 1;
11552, 0.133628 0.683689 1 0.119565 0.662407 1;
11562, 0.132576 0.680883 1 0.119565 0.662407 1;
11572, 0.132576 0.679948 1 0.119565 0.662407 1;
11582, 0.13205 0.678077 1 0.119565 0.661345 1;
11592, 0.13205 0.678077 1 0.119565 0.661345 1;
11602, 0.130997 0.672465 1 0.119565 0.661345 1;
11612, 0.130997 0.66966 1 0.119565 0.660284 1;
11622, 0.130997 0.66966 1 0.119565 0.660284 1;
11632, 0.130471 0.667789 1 0.119565 0.660284 1;
11642, 0.130471 0.664983 1 0.119565 0.658161 1;
11652, 0.129945 0.660307 1 0.119565 0.658161 1;
11662, 0.129419 0.657501 1 0.119565 0.657099 1;
11672, 0.129419 0.65563 1 0.119565 0.657099 1;
11682, 0.128893 0.652825 1 0.118716 0.656038 1;
11692, 0.128893 0.652825 1 0.118716 0.656038 1;
11702, 0.127841 0.648148 1 0.118716 0.656038 1;
11712, 0.127315 0.647213 1 0.118716 0.654976 1;
11722, 0.127315 0.647213 1 0.118716 0.654976 1;
11732, 0.125737 0.645342 1 0.118716 0.653915 1;
11742, 0.12521 0.644407 1 0.118716 0.653915 1;
11752, 0.12521 0.644407 1 0.118716 0.653915 1;
11762, 0.12521 0.644407 1 0.118716 0.651792 1;
11772, 0.12521 0.644407 1 0.118716 0.651792 1;
11782, 0.12521 0.644407 1 0.118716 0.651792 1;
11792, 0.12521 0.644407 1 0.118716 0.651792 1;
11802, 0.12521 0.644407 1 0.117867 0.65073 1;
11812, 0.12521 0.644407 1 0.117867 0.65073 1;
11822, 0.12521 0.644407 1 0.117867 0.65073 1;
11832, 0.12521 0.644407 1 0.117867 0.649669 1;
11842, 0.12521 0.644407 1 0.117867 0.649669 1;
11852, 0.122054 0.615413 1 0.117867 0.649669 1;
11862, 0.122054 0.612608 1 0.117867 0.649669 1;
11872, 0.122054 0.612608 1 0.117867 0.649669 1;
11882, 0.122054 0.610737 1 0.117867 0.648607 1;
11892, 0.122054 0.610737 1 0.117867 0.648607 1;
11902, 0.119423 0.611672 1 0.117867 0.648607 1;
11912, 0.119423 0.611672 1 0.117867 0.648607 1;
11922, 0.118371 0.611672 1 0.117867 0.648607 1;
11932, 0.117845 0.612608 1 0.117867 0.648607 1;
11942, 0.117319 0.610737 1 0.117867 0.648607 1;
11952, 0.117319 0.608866 1 0.117867 0.648607 1;
11962, 0.117319 0.608866 1 0.117867 0.648607 1;
11972, 0.116793 0.598578 1 0.117867 0.648607 1;
11982, 0.116267 0.593902 1 0.117867 0.648607 1;
11992, 0.116267 0.593902 1 0.117867 0.648607 1;
12002, 0.115741 0.58829 1 0.117867 0.648607 1;
12012, 0.114689 0.590161 1 0.117867 0.648607 1;
12022, 0.114162 0.591096 1 0.117867 0.648607 1;
12032, 0.111532 0.593902 1 0.117867 0.648607 1;
12042, 0.11048 0.593902 1 0.117867 0.648607 1;
12052, 0.11048 0.593902 1 0.117867 0.648607 1;
12062, 0.108902 0.592967 1 0.117867 0.648607 1;
12072, 0.108902 0.592967 1 0.117867 0.648607 1;
12082, 0.108375 0.592967 1 0.117867 0.648607 1;
12092, 0.108375 0.592967 1 0.117867 0.648607 1;
12102, 0.106271 0.592031 1 0.117867 0.648607 1;
12112, 0.106271 0.592031 1 0.117867 0.648607 1;
12122, 0.105745 0.591096 1 0.117867 0.648607 1;
12132, 0.104693 0.587355 1 0.117867 0.648607 1;
12142, 0.104167 0.58642 1 0.117867 0.648607 1;
12152, 0.104167 0.58642 1 0.117867 0.648607 1;
12162, 0.102062 0.581743 1 0.117867 0.648607 1;
12172, 0.101536 0.579873 1 0.117867 0.648607 1;
12182, 0.099958 0.576132 1 0.117867 0.648607 1;
12192, 0.099958 0.576132 1 0.117867 0.648607 1;
12202, 0.09838 0.569585 1 0.117867 0.648607 1;
12212, 0.097854 0.567714 1 0.117867 0.648607 1;
12222, 0.097327 0.565844 1 0.117867 0.648607 1;
12232, 0.096275 0.562103 1 0.117867 0.648607 1;
12242, 0.094697 0.557426 1 0.117867 0.648607 1;
12252, 0.094697 0.55462 1 0.117867 0.648607 1;
12262, 0.093645 0.548073 1 0.117867 0.648607 1;
12272, 0.093119 0.546203 1 0.117867 0.648607 1;
12282, 0.092593 0.542462 1 0.117867 0.648607 1;
12292, 0.092067 0.539656 1 0.117867 0.648607 1;
12302, 0.091014 0.532174 1 0.117867 0.648607 1;
12312, 0.091014 0.528432 1 0.117867 0.648607 1;
12322, 0.090488 0.526562 1 0.117867 0.648607 1;
12332, 0.089962 0.518144 1 0.117867 0.648607 1;
12342, 0.089436 0.515339 1 0.117867 0.648607 1;
12352, 0.08891 0.514403 1 0.117867 0.648607 1;
12362, 0.087332 0.505986 1 0.117867 0.648607 1;
12372, 0.087332 0.50318 1 0.117867 0.648607 1;
12382, 0.086806 0.500374 1 0.117867 0.648607 1;
12392, 0.086806 0.500374 1 0.117867 0.648607 1;
12402, 0.085753 0.494762 1 0.117867 0.648607 1;
12412, 0.085753 0.492892 1 0.117867 0.648607 1;
12422, 0.085227 0.491957 1 0.117867 0.648607 1;
12432, 0.085227 0.490086 1 0.117867 0.648607 1;
12442, 0.084701 0.488215 1 0.117867 0.648607 1;
12452, 0.084701 0.48728 1 0.117867 0.648607 1;
12462, 0.084701 0.48728 1 0.117867 0.648607 1;
12472, 0.084175 0.482604 1 0.117867 0.648607 1;
12482, 0.084175 0.481669 1 0.117867 0.648607 1;
12492, 0.084175 0.481669 1 0.117867 0.648607 1;
12502, 0.083649 0.478863 1 0.117867 0.648607 1;
12512, 0.083649 0.476992 1 0.117867 0.648607 1;
12522, 0.083649 0.475122 1 0.117867 0.648607 1;
12532, 0.083123 0.474186 1 0.117867 0.648607 1;
12542, 0.083123 0.472316 1 0.117867 0.648607 1;
12552, 0.083123 0.47138 1 0.117867 0.648607 1;
12562, 0.083123 0.46951 1 0.117867 0.648607 1;
12572, 0.083123 0.46951 1 0.117867 0.648607 1;
12582, 0.082597 0.468575 1 0.117867 0.648607 1;
12592, 0.082597 0.468575 1 0.117867 0.648607 1;
12602, 0.082597 0.468575 1 0.117867 0.648607 1;
12612, 0.082597 0.467639 1 0.117867 0.648607 1;
12622, 0.082597 0.467639 1 0.117867 0.648607 1;
12632, 0.082597 0.467639 1 0.117867 0.648607 1;
12642, 0.082597 0.467639 1 0.117867 0.648607 1;
12652, 0.082597 0.467639 1 0.117867 0.648607 1;
12662, 0.082597 0.467639 1 0.117867 0.648607 1;
12672, 0.082597 0.467639 1 0.117867 0.648607 1;
12682, 0.082597 0.467639 1 0.117867 0.648607 1;
12692, 0.082597 0.467639 1 0.117867 0.648607 1;
12702, 0.082597 0.467639 1 0.117867 0.648607 1;
12712, 0.082597 0.467639 1 0.117867 0.648607 1;
12722, 0.083649 0.466704 1 0.117867 0.648607 1;
12732, 0.083649 0.466704 1 0.117867 0.648607 1;
12742, 0.083649 0.466704 1 0.117867 0.648607 1;
12752, 0.083649 0.466704 1 0.117867 0.648607 1;
12762, 0.083649 0.466704 1 0.117867 0.648607 1;
12772, 0.083649 0.466704 1 0.117867 0.648607 1;
12782, 0.084175 0.467639 1 0.117867 0.648607 1;
12792, 0.084175 0.467639 1 0.117867 0.648607 1;
12802, 0.084175 0.467639 1 0.117867 0.648607 1;
12812, 0.084175 0.467639 1 0.117867 0.648607 1;
12822, 0.084175 0.46951 1 0.117867 0.648607 1;
12832, 0.084701 0.470445 1 0.117867 0.648607 1;
12842, 0.084701 0.470445 1 0.117867 0.648607 1;
12852, 0.084701 0.472316 1 0.117867 0.648607 1;
12862, 0.084701 0.472316 1 0.117867 0.648607 1;
12872, 0.085753 0.474186 1 0.117867 0.648607 1;
12882, 0.085753 0.474186 1 0.117867 0.648607 1;
12892, 0.085753 0.475122 1 0.117867 0.648607 1;
12902, 0.086279 0.476992 1 0.117867 0.648607 1;
12912, 0.086279 0.479798 1 0.117867 0.648607 1;
12922, 0.086806 0.481669 1 0.117867 0.648607 1;
12932, 0.086806 0.482604 1 0.117867 0.648607 1;
12942, 0.086806 0.482604 1 0.117867 0.648607 1;
12952, 0.087858 0.483539 1 0.117867 0.648607 1;
12962, 0.088384 0.48541 1 0.117867 0.648607 1;
12972, 0.088384 0.488215 1 0.117867 0.648607 1;
12982, 0.08891 0.490086 1 0.117867 0.648607 1;
12992, 0.089436 0.493827 1 0.117867 0.648607 1;
13002, 0.089962 0.499439 1 0.117867 0.648607 1;
13012, 0.089962 0.504115 1 0.117867 0.648607 1;
13022, 0.089962 0.506921 1 0.117867 0.648607 1;
13032, 0.090488 0.510662 1 0.117867 0.648607 1;
13042, 0.090488 0.510662 1 0.117867 0.648607 1;
13052, 0.091014 0.520015 1 0.117867 0.648607 1;
13062, 0.091014 0.524691 1 0.117867 0.648607 1;
13072, 0.091014 0.524691 1 0.117867 0.648607 1;
13082, 0.09154 0.530303 1 0.117867 0.648607 1;
13092, 0.092067 0.532174 1 0.117867 0.648607 1;
13102, 0.092067 0.534979 1 0.117867 0.648607 1;
13112, 0.092067 0.534979 1 0.117867 0.648607 1;
13122, 0.093119 0.541526 1 0.117867 0.648607 1;
13132, 0.093645 0.544332 1 0.117867 0.648607 1;
13142, 0.093645 0.544332 1 0.117867 0.648607 1;
13152, 0.094697 0.546203 1 0.117867 0.648607 1;
13162, 0.094697 0.549009 1 0.117867 0.648607 1;
13172, 0.095223 0.549944 1 0.117867 0.648607 1;
13182, 0.095749 0.55462 1 0.117867 0.648607 1;
13192, 0.096275 0.556491 1 0.117867 0.648607 1;
13202, 0.096801 0.560232 1 0.117867 0.648607 1;
13212, 0.096801 0.560232 1 0.117867 0.648607 1;
13222, 0.097327 0.565844 1 0.117867 0.648607 1;
13232, 0.09838 0.568649 1 0.117867 0.648607 1;
13242, 0.09838 0.568649 1 0.117867 0.648607 1;
13252, 0.09838 0.569585 1 0.117867 0.648607 1;
13262, 0.098906 0.571455 1 0.117867 0.648607 1;
13272, 0.098906 0.571455 1 0.117867 0.648607 1;
13282, 0.098906 0.571455 1 0.117867 0.648607 1;
13292, 0.101536 0.574261 1 0.117867 0.648607 1;
13302, 0.103114 0.575196 1 0.117867 0.648607 1;
13312, 0.103114 0.575196 1 0.118716 0.648607 1;
13322, 0.104693 0.576132 1 0.118716 0.648607 1;
13332, 0.105745 0.577067 1 0.118716 0.648607 1;
13342, 0.106271 0.578938 1 0.118716 0.648607 1;
13352, 0.108375 0.582679 1 0.118716 0.648607 1;
13362, 0.108902 0.583614 1 0.118716 0.648607 1;
13372, 0.109428 0.584549 1 0.118716 0.648607 1;
13382, 0.109428 0.584549 1 0.118716 0.648607 1;
13392, 0.111006 0.58642 1 0.118716 0.648607 1;
13402, 0.112058 0.587355 1 0.118716 0.648607 1;
13412, 0.112058 0.587355 1 0.118716 0.648607 1;
13422, 0.114689 0.592967 1 0.118716 0.648607 1;
13432, 0.115215 0.593902 1 0.118716 0.648607 1;
13442, 0.115741 0.594837 1 0.118716 0.648607 1;
13452, 0.117319 0.596708 1 0.119565 0.648607 1;
13462, 0.117319 0.596708 1 0.119565 0.648607 1;
13472, 0.118371 0.596708 1 0.119565 0.648607 1;
13482, 0.119423 0.597643 1 0.119565 0.648607 1;
13492, 0.120476 0.599514 1 0.120414 0.649669 1;
13502, 0.121002 0.600449 1 0.120414 0.649669 1;
13512, 0.121002 0.600449 1 0.120414 0.649669 1;
13522, 0.122054 0.60419 1 0.121264 0.649669 1;
13532, 0.12258 0.605125 1 0.122113 0.649669 1;
13542, 0.123632 0.606061 1 0.122113 0.649669 1;
13552, 0.12521 0.606061 1 0.122962 0.649669 1;
13562, 0.125737 0.606996 1 0.122962 0.649669 1;
13572, 0.125737 0.606996 1 0.123811 0.649669 1;
13582, 0.127841 0.607931 1 0.12551 0.65073 1;
13592, 0.127841 0.607931 1 0.12551 0.65073 1;
13602, 0.128367 0.608866 1 0.127208 0.65073 1;
13612, 0.128367 0.608866 1 0.128057 0.65073 1;
13622, 0.131524 0.612608 1 0.128906 0.651792 1;
13632, 0.133102 0.614478 1 0.129755 0.651792 1;
13642, 0.133102 0.614478 1 0.130605 0.651792 1;
13652, 0.135206 0.616349 1 0.132303 0.652853 1;
13662, 0.136258 0.617284 1 0.133152 0.652853 1;
13672, 0.137837 0.618219 1 0.133152 0.652853 1;
13682, 0.138889 0.621025 1 0.1357 0.653915 1;
13692, 0.138889 0.621025 1 0.136549 0.653915 1;
13702, 0.139941 0.62196 1 0.136549 0.653915 1;
13712, 0.139941 0.62196 1 0.139096 0.654976 1;
13722, 0.14415 0.626637 1 0.139096 0.654976 1;
13732, 0.14415 0.626637 1 0.140795 0.654976 1;
13742, 0.14415 0.626637 1 0.140795 0.654976 1;
13752, 0.148885 0.628507 1 0.141644 0.656038 1;
13762, 0.149937 0.629443 1 0.142493 0.656038 1;
13772, 0.149937 0.629443 1 0.143342 0.656038 1;
13782, 0.149937 0.629443 1 0.144192 0.656038 1;
13792, 0.150989 0.629443 1 0.145041 0.657099 1;
13802, 0.150989 0.629443 1 0.14589 0.657099 1;
13812, 0.150989 0.629443 1 0.14589 0.657099 1;
13822, 0.150989 0.629443 1 0.147588 0.657099 1;
13832, 0.150989 0.629443 1 0.148438 0.657099 1;
13842, 0.150989 0.629443 1 0.148438 0.657099 1;
13852, 0.150989 0.629443 1 0.149287 0.658161 1;
13862, 0.150989 0.629443 1 0.150136 0.658161 1;
13872, 0.154672 0.635054 1 0.150985 0.658161 1;
13882, 0.161511 0.645342 1 0.151834 0.658161 1;
13892, 0.163089 0.646278 1 0.152683 0.658161 1;
13902, 0.165194 0.649083 1 0.153533 0.659222 1;
13912, 0.165194 0.649083 1 0.154382 0.659222 1;
13922, 0.16572 0.649083 1 0.154382 0.659222 1;
13932, 0.166772 0.650019 1 0.155231 0.659222 1;
13942, 0.166772 0.650019 1 0.155231 0.659222 1;
13952, 0.16835 0.650019 1 0.155231 0.659222 1;
13962, 0.168876 0.650019 1 0.15608 0.660284 1;
13972, 0.168876 0.650019 1 0.15608 0.660284 1;
13982, 0.168876 0.650019 1 0.15608 0.660284 1;
13992, 0.170455 0.650019 1 0.156929 0.660284 1;
14002, 0.170455 0.650019 1 0.156929 0.660284 1;
14012, 0.170455 0.650019 1 0.156929 0.660284 1;
14022, 0.170455 0.650019 1 0.156929 0.660284 1;
14032, 0.170455 0.650019 1 0.156929 0.660284 1;
14042, 0.170455 0.650019 1 0.156929 0.660284 1;
14052, 0.171507 0.649083 1 0.156929 0.660284 1;
14062, 0.171507 0.649083 1 0.156929 0.660284 1;
14072, 0.171507 0.649083 1 0.156929 0.660284 1;
14082, 0.171507 0.649083 1 0.156929 0.660284 1;
14092, 0.171507 0.649083 1 0.156929 0.660284 1;
14102, 0.171507 0.649083 1 0.156929 0.660284 1;
14112, 0.171507 0.649083 1 0.156929 0.660284 1;
14122, 0.171507 0.649083 1 0.157779 0.660284 1;
14132, 0.171507 0.649083 1 0.157779 0.660284 1;
14142, 0.171507 0.649083 1 0.157779 0.660284 1;
14152, 0.171507 0.649083 1 0.157779 0.660284 1;
14162, 0.171507 0.649083 1 0.157779 0.660284 1;
14172, 0.171507 0.649083 1 0.157779 0.660284 1;
14182, 0.171507 0.649083 1 0.157779 0.660284 1;
14192, 0.171507 0.649083 1 0.157779 0.660284 1;
14202, 0.171507 0.649083 1 0.157779 0.660284 1;
14212, 0.171507 0.649083 1 0.157779 0.660284 1;
14222, 0.171507 0.649083 1 0.157779 0.660284 1;
14232, 0.171507 0.649083 1 0.157779 0.660284 1;
14242, 0.171507 0.649083 1 0.157779 0.660284 1;
14252, 0.171507 0.649083 1 0.157779 0.660284 1;
14262, 0.171507 0.649083 1 0.157779 0.660284 1;
14272, 0.171507 0.649083 1 0.157779 0.660284 1;
14282, 0.171507 0.649083 1 0.157779 0.660284 1;
14292, 0.171507 0.649083 1 0.157779 0.660284 1;
14302, 0.171507 0.649083 1 0.157779 0.660284 1;
14312, 0.171507 0.649083 1 0.157779 0.660284 1;
14322, 0.171507 0.649083 1 0.157779 0.660284 1;
14332, 0.171507 0.649083 1 0.157779 0.660284 1;
14342, 0.171507 0.649083 1 0.157779 0.660284 1;
14352, 0.171507 0.649083 1 0.157779 0.660284 1;
14362, 0.171507 0.649083 1 0.157779 0.660284 1;
14372, 0.171507 0.649083 1 0.157779 0.660284 1;
14382, 0.171507 0.649083 1 0.157779 0.660284 1;
14392, 0.171507 0.649083 1 0.157779 0.660284 1;
14402, 0.171507 0.649083 1 0.157779 0.660284 1;
14412, 0.171507 0.649083 1 0.157779 0.660284 1;
14422, 0.171507 0.649083 1 0.157779 0.660284 1;
14432, 0.171507 0.649083 1 0.157779 0.660284 1;
14442, 0.171507 0.649083 1 0.157779 0.660284 1;
14452, 0.171507 0.649083 1 0.157779 0.660284 1;
14462, 0.171507 0.649083 1 0.157779 0.660284 1;
14472, 0.171507 0.649083 1 0.157779 0.660284 1;
14482, 0.171507 0.649083 1 0.157779 0.660284 1;
14492, 0.171507 0.649083 1 0.157779 0.660284 1;
14502, 0.171507 0.649083 1 0.157779 0.660284 1;
14512, 0.171507 0.649083 1 0.157779 0.660284 1;
14522, 0.171507 0.649083 1 0.157779 0.660284 1;
14532, 0.171507 0.649083 1 0.157779 0.660284 1;
14542, 0.171507 0.649083 1 0.157779 0.660284 1;
14552, 0.171507 0.649083 1 0.157779 0.660284 1;
14562, 0.171507 0.649083 1 0.157779 0.660284 1;
14572, 0.171507 0.649083 1 0.157779 0.660284 1;
14582, 0.171507 0.649083 1 0.157779 0.660284 1;
14592, 0.171507 0.649083 1 0.157779 0.659222 1;
14602, 0.171507 0.649083 1 0.157779 0.659222 1;
14612, 0.171507 0.649083 1 0.157779 0.659222 1;
14622, 0.171507 0.649083 1 0.157779 0.659222 1;
14632, 0.171507 0.649083 1 0.157779 0.659222 1;
14642, 0.171507 0.649083 1 0.157779 0.659222 1;
14652, 0.171507 0.649083 1 0.157779 0.659222 1;
14662, 0.171507 0.649083 1 0.157779 0.659222 1;
14672, 0.171507 0.649083 1 0.157779 0.659222 1;
14682, 0.171507 0.649083 1 0.156929 0.658161 1;
14692, 0.171507 0.649083 1 0.156929 0.658161 1;
14702, 0.171507 0.649083 1 0.156929 0.658161 1;
14712, 0.171507 0.649083 1 0.156929 0.658161 1;
14722, 0.171507 0.649083 1 0.156929 0.658161 1;
14732, 0.171507 0.649083 1 0.156929 0.658161 1;
14742, 0.171507 0.649083 1 0.156929 0.658161 1;
14752, 0.171507 0.649083 1 0.156929 0.658161 1;
14762, 0.171507 0.649083 1 0.156929 0.658161 1;
14772, 0.171507 0.649083 1 0.156929 0.658161 1;
14782, 0.171507 0.649083 1 0.156929 0.658161 1;
14792, 0.171507 0.649083 1 0.156929 0.658161 1;
14802, 0.171507 0.649083 1 0.156929 0.658161 1;
14812, 0.171507 0.649083 1 0.156929 0.658161 1;
14822, 0.171507 0.649083 1 0.15608 0.658161 1;
14832, 0.171507 0.649083 1 0.15608 0.658161 1;
14842, 0.171507 0.649083 1 0.15608 0.658161 1;
14852, 0.171507 0.649083 1 0.15608 0.658161 1;
14862, 0.171507 0.649083 1 0.15608 0.658161 1;
14872, 0.171507 0.649083 1 0.15608 0.658161 1;
14882, 0.171507 0.649083 1 0.15608 0.658161 1;
14892, 0.171507 0.649083 1 0.15608 0.658161 1;
14902, 0.171507 0.649083 1 0.15608 0.658161 1;
14912, 0.171507 0.649083 1 0.15608 0.658161 1;
14922, 0.171507 0.649083 1 0.15608 0.658161 1;
14932, 0.171507 0.649083 1 0.15608 0.658161 1;
14942, 0.171507 0.649083 1 0.15608 0.658161 1;
14952, 0.171507 0.649083 1 0.15608 0.658161 1;
14962, 0.171507 0.649083 1 0.15608 0.658161 1;
14972, 0.171507 0.649083 1 0.15608 0.658161 1;
14982, 0.171507 0.649083 1 0.15608 0.658161 1;
14992, 0.171507 0.649083 1 0.15608 0.658161 1;
15002, 0.171507 0.649083 1 0.15608 0.658161 1;
15012, 0.171507 0.649083 1 0.15608 0.658161 1;
15022, 0.171507 0.649083 1 0.15608 0.658161 1;
15032, 0.171507 0.649083 1 0.15608 0.658161 1;
15042, 0.171507 0.649083 1 0.15608 0.658161 1;
15052, 0.171507 0.649083 1 0.15608 0.658161 1;
15062, 0.171507 0.649083 1 0.15608 0.658161 1;
15072, 0.171507 0.649083 1 0.15608 0.658161 1;
15082, 0.171507 0.649083 1 0.15608 0.658161 1;
15092, 0.171507 0.649083 1 0.15608 0.658161 1;
15102, 0.171507 0.649083 1 0.15608 0.658161 1;
15112, 0.171507 0.649083 1 0.15608 0.658161 1;
15122, 0.171507 0.649083 1 0.155231 0.658161 1;
15132, 0.171507 0.649083 1 0.155231 0.658161 1;
15142, 0.171507 0.649083 1 0.155231 0.658161 1;
15152, 0.171507 0.649083 1 0.155231 0.658161 1;
15162, 0.171507 0.649083 1 0.155231 0.658161 1;
15172, 0.171507 0.649083 1 0.155231 0.658161 1;
15182, 0.171507 0.649083 1 0.155231 0.658161 1;
15192, 0.171507 0.649083 1 0.155231 0.658161 1;
15202, 0.171507 0.649083 1 0.155231 0.658161 1;
15212, 0.171507 0.649083 1 0.155231 0.658161 1;
15222, 0.171507 0.649083 1 0.155231 0.658161 1;
15232, 0.171507 0.649083 1 0.155231 0.658161 1;
15242, 0.171507 0.649083 1 0.155231 0.658161 1;
15252, 0.171507 0.649083 1 0.155231 0.658161 1;
15262, 0.171507 0.649083 1 0.155231 0.658161 1;
15272, 0.171507 0.649083 1 0.155231 0.658161 1;
15282, 0.171507 0.649083 1 0.155231 0.658161 1;
15292, 0.171507 0.649083 1 0.155231 0.658161 1;
15302, 0.171507 0.649083 1 0.155231 0.658161 1;
15312, 0.171507 0.649083 1 0.155231 0.658161 1;
15322, 0.167298 0.603255 1 0.155231 0.658161 1;
15332, 0.167298 0.603255 1 0.155231 0.658161 1;
15342, 0.167298 0.603255 1 0.155231 0.658161 1;
15352, 0.167298 0.603255 1 0.155231 0.658161 1;
15362, 0.167298 0.603255 1 0.155231 0.658161 1;
15372, 0.167298 0.603255 1 0.155231 0.658161 1;
15382, 0.167298 0.603255 1 0.155231 0.658161 1;
15392, 0.167298 0.603255 1 0.155231 0.658161 1;
15402, 0.167298 0.603255 1 0.155231 0.658161 1;
15412, 0.167298 0.603255 1 0.155231 0.658161 1;
15422, 0.167298 0.603255 1 0.155231 0.658161 1;
15432, 0.167298 0.603255 1 0.155231 0.658161 1;
15442, 0.167298 0.603255 1 0.155231 0.658161 1;
15452, 0.167298 0.603255 1 0.155231 0.658161 1;
15462, 0.167298 0.603255 1 0.155231 0.658161 1;
15472, 0.167298 0.603255 1 0.155231 0.658161 1;
15482, 0.167298 0.603255 1 0.155231 0.658161 1;
15492, 0.167298 0.603255 1 0.155231 0.658161 1;
15502, 0.167298 0.603255 1 0.155231 0.658161 1;
15512, 0.167298 0.603255 1 0.155231 0.658161 1;
15522, 0.167298 0.603255 1 0.155231 0.658161 1;
15532, 0.167298 0.603255 1 0.155231 0.658161 1;
15542, 0.167298 0.603255 1 0.155231 0.658161 1;
15552, 0.167298 0.603255 1 0.155231 0.658161 1;
15562, 0.167298 0.603255 1 0.155231 0.658161 1;
15572, 0.167298 0.603255 1 0.155231 0.658161 1;
15582, 0.167298 0.603255 1 0.155231 0.658161 1;
15592, 0.167298 0.603255 1 0.155231 0.658161 1;
15602, 0.167298 0.603255 1 0.155231 0.658161 1;
15612, 0.167298 0.603255 1 0.155231 0.658161 1;
15622, 0.167298 0.603255 1 0.155231 0.658161 1;
15632, 0.167298 0.603255 1 0.155231 0.658161 1;
15642, 0.167298 0.603255 1 0.155231 0.658161 1;
15652, 0.167298 0.603255 1 0.155231 0.658161 1;
15662, 0.167298 0.603255 1 0.155231 0.658161 1;
15672, 0.167298 0.603255 1 0.155231 0.658161 1;
15682, 0.167298 0.603255 1 0.155231 0.658161 1;
15692, 0.167298 0.603255 1 0.155231 0.658161 1;
15702, 0.167298 0.603255 1 0.155231 0.658161 1;
15712, 0.167298 0.603255 1 0.155231 0.658161 1;
15722, 0.167298 0.603255 1 0.155231 0.658161 1;
15732, 0.167298 0.603255 1 0.155231 0.658161 1;
15742, 0.167298 0.603255 1 0.155231 0.658161 1;
15752, 0.167298 0.603255 1 0.155231 0.658161 1;
15762, 0.167298 0.603255 1 0.155231 0.658161 1;
15772, 0.167298 0.603255 1 0.155231 0.658161 1;
15782, 0.167298 0.603255 1 0.155231 0.658161 1;
15792, 0.167298 0.603255 1 0.155231 0.658161 1;
15802, 0.167298 0.603255 1 0.155231 0.658161 1;
15812, 0.167298 0.603255 1 0.155231 0.658161 1;
15822, 0.167298 0.603255 1 0.155231 0.658161 1;
15832, 0.167298 0.603255 1 0.155231 0.658161 1;
15842, 0.167298 0.603255 1 0.155231 0.658161 1;
15852, 0.167298 0.603255 1 0.155231 0.658161 1;
15862, 0.167298 0.603255 1 0.155231 0.658161 1;
15872, 0.167298 0.603255 1 0.155231 0.658161 1;
15882, 0.167298 0.603255 1 0.155231 0.658161 1;
15892, 0.167298 0.603255 1 0.155231 0.658161 1;
15902, 0.167298 0.603255 1 0.155231 0.658161 1;
15912, 0.167298 0.603255 1 0.155231 0.658161 1;
15922, 0.167298 0.603255 1 0.155231 0.658161 1;
15932, 0.167298 0.603255 1 0.155231 0.658161 1;
15942, 0.167298 0.603255 1 0.155231 0.657099 1;
15952, 0.167298 0.603255 1 0.155231 0.657099 1;
15962, 0.167298 0.603255 1 0.155231 0.657099 1;
15972, 0.167298 0.603255 1 0.155231 0.657099 1;
15982, 0.167298 0.603255 1 0.155231 0.657099 1;
15992, 0.167298 0.603255 1 0.155231 0.657099 1;
16002, 0.167298 0.603255 1 0.155231 0.657099 1;
16012, 0.167298 0.603255 1 0.155231 0.657099 1;
16022, 0.167298 0.603255 1 0.155231 0.657099 1;
16032, 0.167298 0.603255 1 0.155231 0.657099 1;
16042, 0.167298 0.603255 1 0.155231 0.657099 1;
16052, 0.167298 0.603255 1 0.155231 0.657099 1;
16062, 0.167298 0.603255 1 0.155231 0.657099 1;
16072, 0.167298 0.603255 1 0.155231 0.657099 1;
16082, 0.167298 0.603255 1 0.155231 0.657099 1;
16092, 0.167298 0.603255 1 0.155231 0.657099 1;
16102, 0.167298 0.603255 1 0.155231 0.657099 1;
16112, 0.167298 0.603255 1 0.155231 0.657099 1;
16122, 0.167298 0.603255 1 0.155231 0.657099 1;
16132, 0.167298 0.603255 1 0.155231 0.657099 1;
16142, 0.167298 0.603255 1 0.155231 0.657099 1;
16152, 0.167298 0.603255 1 0.155231 0.657099 1;
16162, 0.167298 0.603255 1 0.155231 0.657099 1;
16172, 0.167298 0.603255 1 0.155231 0.657099 1;
16182, 0.167298 0.603255 1 0.155231 0.657099 1;
16192, 0.167298 0.603255 1 0.155231 0.657099 1;
16202, 0.167298 0.603255 1 0.155231 0.657099 1;
16212, 0.167298 0.603255 1 0.155231 0.657099 1;
16222, 0.167298 0.603255 1 0.155231 0.657099 1;
16232, 0.167298 0.603255 1 0.155231 0.657099 1;
16242, 0.167298 0.603255 1 0.155231 0.657099 1;
16252, 0.167298 0.603255 1 0.155231 0.657099 1;
16262, 0.167298 0.603255 1 0.155231 0.657099 1;
16272, 0.167298 0.603255 1 0.155231 0.657099 1;
16282, 0.167298 0.603255 1 0.155231 0.657099 1;
16292, 0.167298 0.603255 1 0.155231 0.657099 1;
16302, 0.167298 0.603255 1 0.155231 0.657099 1;
16312, 0.167298 0.603255 1 0.155231 0.657099 1;
16322, 0.167298 0.603255 1 0.155231 0.657099 1;
16332, 0.167298 0.603255 1 0.155231 0.657099 1;
16342, 0.167298 0.603255 1 0.155231 0.657099 1;
16352, 0.167298 0.603255 1 0.155231 0.657099 1;
16362, 0.167298 0.603255 1 0.155231 0.657099 1;
16372, 0.167298 0.603255 1 0.155231 0.657099 1;
16382, 0.167298 0.603255 1 0.155231 0.657099 1;
16392, 0.167298 0.603255 1 0.155231 0.657099 1;
16402, 0.167298 0.603255 1 0.155231 0.657099 1;
16412, 0.167298 0.603255 1 0.155231 0.657099 1;
16422, 0.167298 0.603255 1 0.155231 0.657099 1;
16432, 0.167298 0.603255 1 0.155231 0.657099 1;
16442, 0.167298 0.603255 1 0.155231 0.657099 1;
16452, 0.167298 0.603255 1 0.155231 0.657099 1;
16462, 0.167298 0.603255 1 0.155231 0.657099 1;
16472, 0.167298 0.603255 1 0.155231 0.657099 1;
16482, 0.167298 0.603255 1 0.155231 0.657099 1;
16492, 0.167298 0.603255 1 0.155231 0.657099 1;
16502, 0.167298 0.603255 1 0.155231 0.657099 1;
16512, 0.167298 0.603255 1 0.155231 0.657099 1;
16522, 0.167298 0.603255 1 0.155231 0.657099 1;
16532, 0.167298 0.603255 1 0.155231 0.657099 1;
16542, 0.167298 0.603255 1 0.155231 0.657099 1;
16552, 0.167298 0.603255 1 0.155231 0.657099 1;
16562, 0.167298 0.603255 1 0.155231 0.657099 1;
16572, 0.167298 0.603255 1 0.155231 0.657099 1;
16582, 0.167298 0.603255 1 0.155231 0.657099 1;
16592, 0.167298 0.603255 1 0.155231 0.657099 1;
16602, 0.167298 0.603255 1 0.155231 0.657099 1;
16612, 0.167298 0.603255 1 0.155231 0.657099 1;
16622, 0.167298 0.603255 1 0.155231 0.657099 1;
16632, 0.167298 0.603255 1 0.155231 0.657099 1;
16642, 0.167298 0.603255 1 0.155231 0.657099 1;
16652, 0.167298 0.603255 1 0.155231 0.657099 1;
16662, 0.167298 0.603255 1 0.155231 0.657099 1;
16672, 0.167298 0.603255 1 0.155231 0.657099 1;
16682, 0.167298 0.603255 1 0.155231 0.657099 1;
16692, 0.167298 0.603255 1 0.155231 0.657099 1;
16702, 0.167298 0.603255 1 0.155231 0.657099 1;
16712, 0.167298 0.603255 1 0.155231 0.657099 1;
16722, 0.167298 0.603255 1 0.155231 0.657099 1;
16732, 0.167298 0.603255 1 0.155231 0.657099 1;
16742, 0.167298 0.60232 1 0.155231 0.657099 1;
16752, 0.167298 0.60232 1 0.155231 0.657099 1;
16762, 0.167298 0.60232 1 0.155231 0.657099 1;
16772, 0.167298 0.60232 1 0.155231 0.657099 1;
16782, 0.167298 0.60232 1 0.155231 0.657099 1;
16792, 0.167298 0.60232 1 0.155231 0.657099 1;
16802, 0.167298 0.60232 1 0.155231 0.657099 1;
16812, 0.167298 0.60232 1 0.155231 0.657099 1;
16822, 0.167298 0.60232 1 0.155231 0.657099 1;
16832, 0.167298 0.60232 1 0.155231 0.657099 1;
16842, 0.167298 0.60232 1 0.155231 0.657099 1;
16852, 0.167298 0.60232 1 0.155231 0.657099 1;
16862, 0.167298 0.60232 1 0.155231 0.657099 1;
16872, 0.167298 0.60232 1 0.155231 0.657099 1;
16882, 0.167298 0.60232 1 0.155231 0.657099 1;
16892, 0.167298 0.60232 1 0.155231 0.657099 1;
16902, 0.167298 0.60232 1 0.155231 0.657099 1;
16912, 0.167298 0.60232 1 0.155231 0.657099 1;
16922, 0.167298 0.60232 1 0.155231 0.657099 1;
16932, 0.167298 0.60232 1 0.155231 0.657099 1;
16942, 0.167298 0.60232 1 0.155231 0.657099 1;
16952, 0.167298 0.60232 1 0.155231 0.657099 1;
16962, 0.167298 0.60232 1 0.155231 0.657099 1;
16972, 0.167298 0.60232 1 0.155231 0.657099 1;
16982, 0.167298 0.60232 1 0.155231 0.657099 1;
16992, 0.167298 0.60232 1 0.155231 0.657099 1;
17002, 0.167298 0.60232 1 0.155231 0.657099 1;
17012, 0.167298 0.60232 1 0.155231 0.657099 1;
17022, 0.167298 0.60232 1 0.155231 0.656038 1;
17032, 0.167298 0.60232 1 0.155231 0.656038 1;
17042, 0.167298 0.60232 1 0.155231 0.656038 1;
17052, 0.167298 0.60232 1 0.155231 0.656038 1;
17062, 0.167298 0.60232 1 0.155231 0.656038 1;
17072, 0.167298 0.60232 1 0.155231 0.656038 1;
17082, 0.167298 0.60232 1 0.155231 0.656038 1;
17092, 0.167298 0.60232 1 0.155231 0.656038 1;
17102, 0.167298 0.60232 1 0.155231 0.656038 1;
17112, 0.167298 0.60232 1 0.155231 0.656038 1;
17122, 0.167298 0.60232 1 0.155231 0.656038 1;
17132, 0.167298 0.60232 1 0.155231 0.656038 1;
17142, 0.167298 0.60232 1 0.155231 0.656038 1;
17152, 0.167298 0.60232 1 0.155231 0.656038 1;
17162, 0.167298 0.60232 1 0.155231 0.656038 1;
17172, 0.167298 0.60232 1 0.155231 0.656038 1;
17182, 0.167298 0.60232 1 0.155231 0.656038 1;
17192, 0.167298 0.60232 1 0.155231 0.656038 1;
17202, 0.167298 0.60232 1 0.155231 0.656038 1;
17212, 0.167298 0.60232 1 0.155231 0.656038 1;
17222, 0.167298 0.60232 1 0.155231 0.656038 1;
17232, 0.167298 0.60232 1 0.155231 0.656038 1;
17242, 0.167298 0.60232 1 0.155231 0.656038 1;
17252, 0.167298 0.60232 1 0.155231 0.656038 1;
17262, 0.167298 0.60232 1 0.155231 0.656038 1;
17272, 0.167298 0.60232 1 0.155231 0.656038 1;
17282, 0.167298 0.60232 1 0.155231 0.656038 1;
17292, 0.167298 0.60232 1 0.155231 0.656038 1;
17302, 0.167298 0.60232 1 0.155231 0.656038 1;
17312, 0.167298 0.60232 1 0.155231 0.656038 1;
17322, 0.167298 0.60232 1 0.155231 0.656038 1;
17332, 0.167298 0.60232 1 0.155231 0.656038 1;
17342, 0.167298 0.60232 1 0.155231 0.656038 1;
17352, 0.167298 0.60232 1 0.155231 0.656038 1;
17362, 0.167298 0.60232 1 0.155231 0.656038 1;
17372, 0.167298 0.60232 1 0.155231 0.656038 1;
17382, 0.167298 0.60232 1 0.155231 0.656038 1;
17392, 0.167298 0.60232 1 0.155231 0.656038 1;
17402, 0.167298 0.60232 1 0.155231 0.656038 1;
17412, 0.167298 0.60232 1 0.155231 0.656038 1;
17422, 0.167298 0.60232 1 0.155231 0.656038 1;
17432, 0.167298 0.60232 1 0.155231 0.656038 1;
17442, 0.167298 0.60232 1 0.155231 0.656038 1;
17452, 0.167298 0.60232 1 0.155231 0.656038 1;
17462, 0.167298 0.60232 1 0.155231 0.656038 1;
17472, 0.167298 0.60232 1 0.155231 0.656038 1;
17482, 0.167298 0.60232 1 0.155231 0.656038 1;
17492, 0.167298 0.60232 1 0.155231 0.656038 1;
17502, 0.167298 0.60232 1 0.155231 0.656038 1;
17512, 0.167298 0.60232 1 0.155231 0.656038 1;
17522, 0.167298 0.60232 1 0.155231 0.656038 1;
17532, 0.167298 0.60232 1 0.155231 0.656038 1;
17542, 0.167298 0.60232 1 0.155231 0.656038 1;
17552, 0.167298 0.60232 1 0.155231 0.656038 1;
17562, 0.167298 0.60232 1 0.155231 0.656038 1;
17572, 0.167298 0.60232 1 0.155231 0.656038 1;
17582, 0.167298 0.60232 1 0.155231 0.656038 1;
17592, 0.167298 0.60232 1 0.155231 0.656038 1;
17602, 0.167298 0.60232 1 0.155231 0.656038 1;
17612, 0.167298 0.60232 1 0.155231 0.656038 1;
17622, 0.167298 0.60232 1 0.155231 0.656038 1;
17632, 0.166772 0.601384 1 0.155231 0.656038 1;
17642, 0.166772 0.601384 1 0.155231 0.656038 1;
17652, 0.166772 0.601384 1 0.155231 0.656038 1;
17662, 0.166772 0.601384 1 0.155231 0.656038 1;
17672, 0.166772 0.601384 1 0.155231 0.656038 1;
17682, 0.166772 0.601384 1 0.155231 0.656038 1;
17692, 0.166772 0.601384 1 0.155231 0.656038 1;
17702, 0.166772 0.601384 1 0.155231 0.656038 1;
17712, 0.166772 0.601384 1 0.155231 0.656038 1;
17722, 0.166772 0.601384 1 0.155231 0.656038 1;
17732, 0.166772 0.601384 1 0.155231 0.656038 1;
17742, 0.166772 0.601384 1 0.155231 0.656038 1;
17752, 0.166772 0.601384 1 0.155231 0.656038 1;
17762, 0.166772 0.601384 1 0.155231 0.656038 1;
17772, 0.166772 0.601384 1 0.155231 0.656038 1;
17782, 0.166772 0.601384 1 0.155231 0.656038 1;
17792, 0.166772 0.601384 1 0.155231 0.656038 1;
17802, 0.166772 0.601384 1 0.155231 0.656038 1;
17812, 0.166772 0.601384 1 0.155231 0.656038 1;
17822, 0.166772 0.601384 1 0.155231 0.656038 1;
17832, 0.166772 0.601384 1 0.155231 0.656038 1;
17842, 0.166772 0.601384 1 0.155231 0.656038 1;
17852, 0.166772 0.601384 1 0.155231 0.656038 1;
17862, 0.166772 0.601384 1 0.155231 0.656038 1;
17872, 0.166772 0.601384 1 0.155231 0.656038 1;
17882, 0.166772 0.601384 1 0.155231 0.656038 1;
17892, 0.166772 0.601384 1 0.155231 0.656038 1;
17902, 0.166772 0.601384 1 0.155231 0.656038 1;
17912, 0.166772 0.601384 1 0.155231 0.656038 1;
17922, 0.166772 0.601384 1 0.155231 0.656038 1;
17932, 0.166772 0.601384 1 0.155231 0.656038 1;
17942, 0.166772 0.601384 1 0.155231 0.656038 1;
17952, 0.166772 0.601384 1 0.155231 0.656038 1;
17962, 0.166772 0.601384 1 0.155231 0.656038 1;
17972, 0.166772 0.601384 1 0.155231 0.656038 1;
17982, 0.166772 0.601384 1 0.155231 0.656038 1;
17992, 0.166772 0.601384 1 0.155231 0.656038 1;
18002, 0.166772 0.601384 1 0.155231 0.656038 1;
18012, 0.166772 0.601384 1 0.155231 0.656038 1;
18022, 0.166772 0.601384 1 0.155231 0.656038 1;
18032, 0.166772 0.601384 1 0.155231 0.656038 1;
18042, 0.166772 0.601384 1 0.155231 0.656038 1;
18052, 0.166772 0.601384 1 0.155231 0.656038 1;
18062, 0.166772 0.601384 1 0.155231 0.656038 1;
18072, 0.166772 0.601384 1 0.155231 0.656038 1;
18082, 0.166772 0.601384 1 0.155231 0.656038 1;
18092, 0.166772 0.601384 1 0.155231 0.656038 1;
18102, 0.166772 0.601384 1 0.155231 0.656038 1;
18112, 0.166772 0.601384 1 0.155231 0.656038 1;
18122, 0.166772 0.601384 1 0.155231 0.656038 1;
18132, 0.166772 0.601384 1 0.155231 0.656038 1;
18142, 0.166772 0.601384 1 0.155231 0.656038 1;
18152, 0.166772 0.601384 1 0.155231 0.656038 1;
18162, 0.166772 0.601384 1 0.155231 0.656038 1;
18172, 0.166772 0.601384 1 0.155231 0.656038 1;
18182, 0.166772 0.601384 1 0.155231 0.656038 1;
18192, 0.166772 0.601384 1 0.155231 0.656038 1;
18202, 0.166772 0.601384 1 0.155231 0.656038 1;
18212, 0.166772 0.601384 1 0.155231 0.656038 1;
18222, 0.166772 0.601384 1 0.155231 0.656038 1;
18232, 0.166772 0.601384 1 0.155231 0.656038 1;
18242, 0.166772 0.601384 1 0.155231 0.656038 1;
18252, 0.166772 0.601384 1 0.155231 0.656038 1;
18262, 0.166772 0.601384 1 0.155231 0.656038 1;
18272, 0.166772 0.601384 1 0.155231 0.656038 1;
18282, 0.166772 0.601384 1 0.155231 0.656038 1;
18292, 0.166772 0.601384 1 0.155231 0.656038 1;
18302, 0.166772 0.601384 1 0.155231 0.656038 1;
18312, 0.166772 0.601384 1 0.155231 0.656038 1;
18322, 0.166772 0.601384 1 0.155231 0.656038 1;
18332, 0.166772 0.601384 1 0.155231 0.656038 1;
18342, 0.166772 0.601384 1 0.154382 0.656038 1;
18352, 0.166772 0.601384 1 0.153533 0.656038 1;
18362, 0.16835 0.65563 1 0.153533 0.656038 1;
18372, 0.146254 0.559297 1 0.153533 0.656038 1;
18382, 0.146254 0.559297 1 0.153533 0.656038 1;
18392, 0. 0. 0 0. 0. 0;
18402, 0. 0. 0 0. 0. 0;
18412, 0. 0. 0 0. 0. 0;
18422, 0. 0. 0 0. 0. 0;
18432, 0. 0. 0 0. 0. 0;
18442, 0. 0. 0 0. 0. 0;
18452, 0. 0. 0 0. 0. 0;
18462, 0. 0. 0 0. 0. 0;
18472, 0. 0. 0 0. 0. 0;
18482, 0. 0. 0 0. 0. 0;
18492, 0. 0. 0 0. 0. 0;
18502, 0. 0. 0 0. 0. 0;
18512, 0. 0. 0 0. 0. 0;
18522, 0. 0. 0 0. 0. 0;
18532, 0. 0. 0 0. 0. 0;
18542, 0. 0. 0 0. 0. 0;
18552, 0. 0. 0 0. 0. 0;
18562, 0. 0. 0 0. 0. 0;
18572, 0. 0. 0 0. 0. 0;
18582, 0. 0. 0 0. 0. 0;
18592, 0. 0. 0 0. 0. 0;
18602, 0. 0. 0 0. 0. 0;
18612, 0. 0. 0 0. 0. 0;
18622, 0. 0. 0 0. 0. 0;
18632, 0. 0. 0 0. 0. 0;
18642, 0. 0. 0 0. 0. 0;
18652, 0. 0. 0 0. 0. 0;
18662, 0. 0. 0 0. 0. 0;
18672, 0. 0. 0 0. 0. 0;
18682, 0. 0. 0 0. 0. 0;
18692, 0. 0. 0 0. 0. 0;
18702, 0. 0. 0 0. 0. 0;
18712, 0. 0. 0 0. 0. 0;
18722, 0. 0. 0 0. 0. 0;
18732, 0. 0. 0 0. 0. 0;
18742, 0. 0. 0 0. 0. 0;
18752, 0. 0. 0 0. 0. 0;
18762, 0. 0. 0 0. 0. 0;
18772, 0. 0. 0 0. 0. 0;
18782, 0. 0. 0 0. 0. 0;
18792, 0. 0. 0 0. 0. 0;
18802, 0. 0. 0 0. 0. 0;
18812, 0. 0. 0 0. 0. 0;
18822, 0. 0. 0 0. 0. 0;
18832, 0. 0. 0 0. 0. 0;
18842, 0. 0. 0 0. 0. 0;
18852, 0. 0. 0 0. 0. 0;
18862, 0. 0. 0 0. 0. 0;
18872, 0. 0. 0 0. 0. 0;
18882, 0. 0. 0 0. 0. 0;
18892, 0. 0. 0 0. 0. 0;
18902, 0. 0. 0 0. 0. 0;
18912, 0. 0. 0 0. 0. 0;
18922, 0. 0. 0 0. 0. 0;
18932, 0. 0. 0 0. 0. 0;
18942, 0. 0. 0 0. 0. 0;
18952, 0. 0. 0 0. 0. 0;
18962, 0. 0. 0 0. 0. 0;
18972, 0. 0. 0 0. 0. 0;
18982, 0. 0. 0 0. 0. 0;
18992, 0. 0. 0 0. 0. 0;
19002, 0. 0. 0 0. 0. 0;
19012, 0. 0. 0 0. 0. 0;
19022, 0. 0. 0 0. 0. 0;
19032, 0. 0. 0 0. 0. 0;
19042, 0. 0. 0 0. 0. 0;
19052, 0. 0. 0 0. 0. 0;
19062, 0. 0. 0 0. 0. 0;
19072, 0. 0. 0 0. 0. 0;
19082, 0. 0. 0 0. 0. 0;
19092, 0. 0. 0 0. 0. 0;
19102, 0. 0. 0 0. 0. 0;
19112, 0. 0. 0 0. 0. 0;
19122, 0. 0. 0 0. 0. 0;
19132, 0. 0. 0 0. 0. 0;
19142, 0. 0. 0 0. 0. 0;
19152, 0. 0. 0 0. 0. 0;
19162, 0. 0. 0 0. 0. 0;
19172, 0. 0. 0 0. 0. 0;
19182, 0. 0. 0 0. 0. 0;
19192, 0. 0. 0 0. 0. 0;
19202, 0. 0. 0 0. 0. 0;
19212, 0. 0. 0 0. 0. 0;
19222, 0. 0. 0 0. 0. 0;
19232, 0. 0. 0 0. 0. 0;
19242, 0. 0. 0 0. 0. 0;
19252, 0. 0. 0 0. 0. 0;
19262, 0. 0. 0 0. 0. 0;
19272, 0. 0. 0 0. 0. 0;
19282, 0. 0. 0 0. 0. 0;
19292, 0. 0. 0 0. 0. 0;
19302, 0. 0. 0 0. 0. 0;
19312, 0. 0. 0 0. 0. 0;
19322, 0. 0. 0 0. 0. 0;
19332, 0. 0. 0 0. 0. 0;
19342, 0. 0. 0 0. 0. 0;
19352, 0. 0. 0 0. 0. 0;
19362, 0. 0. 0 0. 0. 0;
19372, 0. 0. 0 0. 0. 0;
19382, 0. 0. 0 0. 0. 0;
19392, 0. 0. 0 0. 0. 0;
19402, 0. 0. 0 0. 0. 0;
19412, 0. 0. 0 0. 0. 0;
19422, 0. 0. 0 0. 0. 0;
19432, 0. 0. 0 0. 0. 0;
19442, 0. 0. 0 0. 0. 0;
19452, 0. 0. 0 0. 0. 0;
19462, 0. 0. 0 0. 0. 0;
19472, 0. 0. 0 0. 0. 0;
19482, 0. 0. 0 0. 0. 0;
19492, 0. 0. 0 0. 0. 0;
19502, 0. 0. 0 0. 0. 0;
19512, 0. 0. 0 0. 0. 0;
19522, 0. 0. 0 0. 0. 0;
19532, 0. 0. 0 0. 0. 0;
19542, 0. 0. 0 0. 0. 0;
19552, 0. 0. 0 0. 0. 0;
19562, 0. 0. 0 0. 0. 0;
19572, 0. 0. 0 0. 0. 0;
19582, 0. 0. 0 0. 0. 0;
19592, 0. 0. 0 0. 0. 0;
19602, 0. 0. 0 0. 0. 0;
19612, 0. 0. 0 0. 0. 0;
19622, 0. 0. 0 0. 0. 0;
19632, 0. 0. 0 0. 0. 0;
19642, 0. 0. 0 0. 0. 0;
19652, 0. 0. 0 0. 0. 0;
19662, 0. 0. 0 0. 0. 0;
19672, 0. 0. 0 0. 0. 0;
19682, 0. 0. 0 0. 0. 0;
19692, 0. 0. 0 0. 0. 0;
19702, 0. 0. 0 0. 0. 0;
19712, 0. 0. 0 0. 0. 0;
19722, 0. 0. 0 0. 0. 0;
19732, 0. 0. 0 0. 0. 0;
19742, 0. 0. 0 0. 0. 0;
19752, 0. 0. 0 0. 0. 0;
19762, 0. 0. 0 0. 0. 0;
19772, 0. 0. 0 0. 0. 0;
19782, 0. 0. 0 0. 0. 0;
19792, 0. 0. 0 0. 0. 0;
19802, 0. 0. 0 0. 0. 0;
19812, 0. 0. 0 0. 0. 0;
19822, 0. 0. 0 0. 0. 0;
19832, 0. 0. 0 0. 0. 0;
19842, 0. 0. 0 0. 0. 0;
19852, 0. 0. 0 0. 0. 0;
19862, 0. 0. 0 0. 0. 0;
19872, 0. 0. 0 0. 0. 0;
19882, 0. 0. 0 0. 0. 0;
19892, 0. 0. 0 0. 0. 0;
19902, 0. 0. 0 0. 0. 0;
19912, 0. 0. 0 0. 0. 0;
19922, 0. 0. 0 0. 0. 0;
19932, 0. 0. 0 0. 0. 0;
19942, 0. 0. 0 0. 0. 0;
19952, 0. 0. 0 0. 0. 0;
19962, 0. 0. 0 0. 0. 0;
19972, 0. 0. 0 0. 0. 0;
19982, 0. 0. 0 0. 0. 0;
19992, 0. 0. 0 0. 0. 0;
20002, 0. 0. 0 0. 0. 0;
20012, 0. 0. 0 0. 0. 0;
20022, 0. 0. 0 0. 0. 0;
20032, 0. 0. 0 0. 0. 0;
20042, 0. 0. 0 0. 0. 0;
20052, 0. 0. 0 0. 0. 0;
20062, 0. 0. 0 0. 0. 0;
20072, 0. 0. 0 0. 0. 0;
20082, 0. 0. 0 0. 0. 0;
20092, 0. 0. 0 0. 0. 0;
20102, 0. 0. 0 0. 0. 0;
20112, 0. 0. 0 0. 0. 0;
20122, 0. 0. 0 0. 0. 0;
20132, 0. 0. 0 0. 0. 0;
20142, 0. 0. 0 0. 0. 0;
20152, 0. 0. 0 0. 0. 0;
20162, 0. 0. 0 0. 0. 0;
20172, 0. 0. 0 0. 0. 0;
20182, 0. 0. 0 0. 0. 0;
20192, 0. 0. 0 0. 0. 0;
20202, 0. 0. 0 0. 0. 0;
20212, 0. 0. 0 0. 0. 0;
20222, 0. 0. 0 0. 0. 0;
20232, 0. 0. 0 0. 0. 0;
20242, 0. 0. 0 0. 0. 0;
20252, 0. 0. 0 0. 0. 0;
20262, 0. 0. 0 0. 0. 0;
20272, 0. 0. 0 0. 0. 0;
20282, 0. 0. 0 0. 0. 0;
20292, 0. 0. 0 0. 0. 0;
20302, 0. 0. 0 0. 0. 0;
20312, 0. 0. 0 0. 0. 0;
20322, 0. 0. 0 0. 0. 0;
20332, 0. 0. 0 0. 0. 0;
20342, 0. 0. 0 0. 0. 0;
20352, 0. 0. 0 0. 0. 0;
20362, 0. 0. 0 0. 0. 0;
20372, 0. 0. 0 0. 0. 0;
20382, 0. 0. 0 0. 0. 0;
20392, 0. 0. 0 0. 0. 0;
20402, 0. 0. 0 0. 0. 0;
20412, 0. 0. 0 0. 0. 0;
20422, 0. 0. 0 0. 0. 0;
20432, 0. 0. 0 0. 0. 0;
20442, 0. 0. 0 0. 0. 0;
20452, 0. 0. 0 0. 0. 0;
20462, 0. 0. 0 0. 0. 0;
20472, 0. 0. 0 0. 0. 0;
20482, 0. 0. 0 0. 0. 0;
20492, 0. 0. 0 0. 0. 0;
20502, 0. 0. 0 0. 0. 0;
20512, 0. 0. 0 0. 0. 0;
20522, 0. 0. 0 0. 0. 0;
20532, 0. 0. 0 0. 0. 0;
20542, 0. 0. 0 0. 0. 0;
20552, 0. 0. 0 0. 0. 0;
20562, 0. 0. 0 0. 0. 0;
20572, 0. 0. 0 0. 0. 0;
20582, 0. 0. 0 0. 0. 0;
20592, 0. 0. 0 0. 0. 0;
20602, 0. 0. 0 0. 0. 0;
20612, 0. 0. 0 0. 0. 0;
20622, 0. 0. 0 0. 0. 0;
20632, 0. 0. 0 0. 0. 0;
20642, 0. 0. 0 0. 0. 0;
20652, 0. 0. 0 0. 0. 0;
20662, 0. 0. 0 0. 0. 0;
20672, 0. 0. 0 0. 0. 0;
20682, 0. 0. 0 0. 0. 0;
20692, 0. 0. 0 0. 0. 0;
20702, 0. 0. 0 0. 0. 0;
20712, 0. 0. 0 0. 0. 0;
20722, 0. 0. 0 0. 0. 0;
20732, 0. 0. 0 0. 0. 0;
20742, 0. 0. 0 0. 0. 0;
20752, 0. 0. 0 0. 0. 0;
20762, 0. 0. 0 0. 0. 0;
20772, 0. 0. 0 0. 0. 0;
20782, 0. 0. 0 0. 0. 0;
20792, 0. 0. 0 0. 0. 0;
20802, 0. 0. 0 0. 0. 0;
20812, 0. 0. 0 0. 0. 0;
20822, 0. 0. 0 0. 0. 0;
20832, 0. 0. 0 0. 0. 0;
20842, 0. 0. 0 0. 0. 0;
20852, 0. 0. 0 0. 0. 0;
20862, 0. 0. 0 0. 0. 0;
20872, 0. 0. 0 0. 0. 0;
20882, 0. 0. 0 0. 0. 0;
20892, 0. 0. 0 0. 0. 0;
20902, 0. 0. 0 0. 0. 0;
20912, 0. 0. 0 0. 0. 0;
20922, 0. 0. 0 0. 0. 0;
20932, 0. 0. 0 0. 0. 0;
20942, 0. 0. 0 0. 0. 0;
20952, 0. 0. 0 0. 0. 0;
20962, 0. 0. 0 0. 0. 0;
20972, 0. 0. 0 0. 0. 0;
20982, 0. 0. 0 0. 0. 0;
20992, 0. 0. 0 0. 0. 0;
21002, 0. 0. 0 0. 0. 0;
21012, 0. 0. 0 0. 0. 0;
21022, 0. 0. 0 0. 0. 0;
21032, 0. 0. 0 0. 0. 0;
21042, 0. 0. 0 0. 0. 0;
21052, 0. 0. 0 0. 0. 0;
21062, 0. 0. 0 0. 0. 0;
21072, 0. 0. 0 0. 0. 0;
21082, 0. 0. 0 0. 0. 0;
21092, 0. 0. 0 0. 0. 0;
21102, 0. 0. 0 0. 0. 0;
21112, 0. 0. 0 0. 0. 0;
21122, 0. 0. 0 0. 0. 0;
21132, 0. 0. 0 0. 0. 0;
21142, 0. 0. 0 0. 0. 0;
21152, 0. 0. 0 0. 0. 0;
21162, 0. 0. 0 0. 0. 0;
21172, 0. 0. 0 0. 0. 0;
21182, 0. 0. 0 0. 0. 0;
21192, 0. 0. 0 0. 0. 0;
21202, 0. 0. 0 0. 0. 0;
21212, 0. 0. 0 0. 0. 0;
21222, 0. 0. 0 0. 0. 0;
21232, 0. 0. 0 0. 0. 0;
21242, 0. 0. 0 0. 0. 0;
21252, 0. 0. 0 0. 0. 0;
21262, 0. 0. 0 0. 0. 0;
21272, 0. 0. 0 0. 0. 0;
21282, 0. 0. 0 0. 0. 0;
21292, 0. 0. 0 0. 0. 0;
21302, 0. 0. 0 0. 0. 0;
21312, 0. 0. 0 0. 0. 0;
21322, 0. 0. 0 0. 0. 0;
21332, 0. 0. 0 0. 0. 0;
21342, 0. 0. 0 0. 0. 0;
21352, 0. 0. 0 0. 0. 0;
21362, 0. 0. 0 0. 0. 0;
21372, 0. 0. 0 0. 0. 0;
21382, 0. 0. 0 0. 0. 0;
21392, 0. 0. 0 0. 0. 0;
21402, 0. 0. 0 0. 0. 0;
21412, 0. 0. 0 0. 0. 0;
21422, 0. 0. 0 0. 0. 0;
21432, 0. 0. 0 0. 0. 0;
21442, 0. 0. 0 0. 0. 0;
21452, 0. 0. 0 0. 0. 0;
21462, 0. 0. 0 0. 0. 0;
21472, 0. 0. 0 0. 0. 0;
21482, 0. 0. 0 0. 0. 0;
21492, 0. 0. 0 0. 0. 0;
21502, 0. 0. 0 0. 0. 0;
21512, 0. 0. 0 0. 0. 0;
21522, 0. 0. 0 0. 0. 0;
21532, 0. 0. 0 0. 0. 0;
21542, 0. 0. 0 0. 0. 0;
21552, 0. 0. 0 0. 0. 0;
21562, 0. 0. 0 0. 0. 0;
21572, 0. 0. 0 0. 0. 0;
21582, 0. 0. 0 0. 0. 0;
21592, 0. 0. 0 0. 0. 0;
21602, 0. 0. 0 0. 0. 0;
21612, 0. 0. 0 0. 0. 0;
21622, 0. 0. 0 0. 0. 0;
21632, 0. 0. 0 0. 0. 0;
21642, 0. 0. 0 0. 0. 0;
21652, 0. 0. 0 0. 0. 0;
21662, 0. 0. 0 0. 0. 0;
21672, 0. 0. 0 0. 0. 0;
21682, 0. 0. 0 0. 0. 0;
21692, 0. 0. 0 0. 0. 0;
21702, 0. 0. 0 0. 0. 0;
21712, 0. 0. 0 0. 0. 0;
21722, 0. 0. 0 0. 0. 0;
21732, 0. 0. 0 0. 0. 0;
21742, 0. 0. 0 0. 0. 0;
21752, 0. 0. 0 0. 0. 0;
21762, 0. 0. 0 0. 0. 0;
21772, 0. 0. 0 0. 0. 0;
21782, 0. 0. 0 0. 0. 0;
21792, 0. 0. 0 0. 0. 0;
21802, 0. 0. 0 0. 0. 0;
21812, 0. 0. 0 0. 0. 0;
21822, 0. 0. 0 0. 0. 0;
21832, 0. 0. 0 0. 0. 0;
21842, 0. 0. 0 0. 0. 0;
21852, 0. 0. 0 0. 0. 0;
21862, 0. 0. 0 0. 0. 0;
21872, 0. 0. 0 0. 0. 0;
21882, 0. 0. 0 0. 0. 0;
21892, 0. 0. 0 0. 0. 0;
21902, 0. 0. 0 0. 0. 0;
21912, 0. 0. 0 0. 0. 0;
21922, 0. 0. 0 0. 0. 0;
21932, 0. 0. 0 0. 0. 0;
21942, 0. 0. 0 0. 0. 0;
21952, 0. 0. 0 0. 0. 0;
21962, 0. 0. 0 0. 0. 0;
21972, 0. 0. 0 0. 0. 0;
21982, 0. 0. 0 0. 0. 0;
21992, 0. 0. 0 0. 0. 0;
22002, 0. 0. 0 0. 0. 0;
22012, 0. 0. 0 0. 0. 0;
22022, 0. 0. 0 0. 0. 0;
22032, 0. 0. 0 0. 0. 0;
22042, 0. 0. 0 0. 0. 0;
22052, 0. 0. 0 0. 0. 0;
22062, 0. 0. 0 0. 0. 0;
22072, 0. 0. 0 0. 0. 0;
22082, 0. 0. 0 0. 0. 0;
22092, 0. 0. 0 0. 0. 0;
22102, 0. 0. 0 0. 0. 0;
22112, 0. 0. 0 0. 0. 0;
22122, 0. 0. 0 0. 0. 0;
22132, 0. 0. 0 0. 0. 0;
22142, 0. 0. 0 0. 0. 0;
22152, 0. 0. 0 0. 0. 0;
22162, 0. 0. 0 0. 0. 0;
22172, 0. 0. 0 0. 0. 0;
22182, 0. 0. 0 0. 0. 0;
22192, 0. 0. 0 0. 0. 0;
22202, 0. 0. 0 0. 0. 0;
22212, 0. 0. 0 0. 0. 0;
22222, 0. 0. 0 0. 0. 0;
22232, 0. 0. 0 0. 0. 0;
22242, 0. 0. 0 0. 0. 0;
22252, 0. 0. 0 0. 0. 0;
22262, 0. 0. 0 0. 0. 0;
22272, 0. 0. 0 0. 0. 0;
22282, 0. 0. 0 0. 0. 0;
22292, 0. 0. 0 0. 0. 0;
22302, 0. 0. 0 0. 0. 0;
22312, 0. 0. 0 0. 0. 0;
22322, 0. 0. 0 0. 0. 0;
22332, 0. 0. 0 0. 0. 0;
22342, 0. 0. 0 0. 0. 0;
22352, 0. 0. 0 0. 0. 0;
22362, 0. 0. 0 0. 0. 0;
22372, 0. 0. 0 0. 0. 0;
22382, 0. 0. 0 0. 0. 0;
22392, 0. 0. 0 0. 0. 0;
22402, 0. 0. 0 0. 0. 0;
22412, 0. 0. 0 0. 0. 0;
22422, 0. 0. 0 0. 0. 0;
22432, 0. 0. 0 0. 0. 0;
22442, 0. 0. 0 0. 0. 0;
22452, 0. 0. 0 0. 0. 0;
22462, 0. 0. 0 0. 0. 0;
22472, 0. 0. 0 0. 0. 0;
22482, 0. 0. 0 0. 0. 0;
22492, 0. 0. 0 0. 0. 0;
22502, 0. 0. 0 0. 0. 0;
22512, 0. 0. 0 0. 0. 0;
22522, 0. 0. 0 0. 0. 0;
22532, 0. 0. 0 0. 0. 0;
22542, 0. 0. 0 0. 0. 0;
22552, 0. 0. 0 0. 0. 0;
22562, 0. 0. 0 0. 0. 0;
22572, 0. 0. 0 0. 0. 0;
22582, 0. 0. 0 0. 0. 0;
22592, 0. 0. 0 0. 0. 0;
22602, 0. 0. 0 0. 0. 0;
22612, 0. 0. 0 0. 0. 0;
22622, 0. 0. 0 0. 0. 0;
22632, 0. 0. 0 0. 0. 0;
22642, 0. 0. 0 0. 0. 0;
22652, 0. 0. 0 0. 0. 0;
22662, 0. 0. 0 0. 0. 0;
22672, 0. 0. 0 0. 0. 0;
22682, 0. 0. 0 0. 0. 0;
22692, 0. 0. 0 0. 0. 0;
22702, 0. 0. 0 0. 0. 0;
22712, 0. 0. 0 0. 0. 0;
22722, 0. 0. 0 0. 0. 0;
22732, 0. 0. 0 0. 0. 0;
22742, 0. 0. 0 0. 0. 0;
22752, 0. 0. 0 0. 0. 0;
22762, 0. 0. 0 0. 0. 0;
22772, 0. 0. 0 0. 0. 0;
22782, 0. 0. 0 0. 0. 0;
22792, 0. 0. 0 0. 0. 0;
22802, 0. 0. 0 0. 0. 0;
22812, 0. 0. 0 0. 0. 0;
22822, 0. 0. 0 0. 0. 0;
22832, 0. 0. 0 0. 0. 0;
22842, 0. 0. 0 0. 0. 0;
22852, 0. 0. 0 0. 0. 0;
22862, 0. 0. 0 0. 0. 0;
22872, 0. 0. 0 0. 0. 0;
22882, 0. 0. 0 0. 0. 0;
22892, 0. 0. 0 0. 0. 0;
22902, 0. 0. 0 0. 0. 0;
22912, 0. 0. 0 0. 0. 0;
22922, 0. 0. 0 0. 0. 0;
22932, 0. 0. 0 0. 0. 0;
22942, 0. 0. 0 0. 0. 0;
22952, 0. 0. 0 0. 0. 0;
22962, 0. 0. 0 0. 0. 0;
22972, 0. 0. 0 0. 0. 0;
22982, 0. 0. 0 0. 0. 0;
22992, 0. 0. 0 0. 0. 0;
23002, 0. 0. 0 0. 0. 0;
23012, 0. 0. 0 0. 0. 0;
23022, 0. 0. 0 0. 0. 0;
23032, 0. 0. 0 0. 0. 0;
23042, 0. 0. 0 0. 0. 0;
23052, 0. 0. 0 0. 0. 0;
23062, 0. 0. 0 0. 0. 0;
23072, 0. 0. 0 0. 0. 0;
23082, 0. 0. 0 0. 0. 0;
23092, 0. 0. 0 0. 0. 0;
23102, 0. 0. 0 0. 0. 0;
23112, 0. 0. 0 0. 0. 0;
23122, 0. 0. 0 0. 0. 0;
23132, 0. 0. 0 0. 0. 0;
23142, 0. 0. 0 0. 0. 0;
23152, 0. 0. 0 0. 0. 0;
23162, 0. 0. 0 0. 0. 0;
23172, 0. 0. 0 0. 0. 0;
23182, 0. 0. 0 0. 0. 0;
23192, 0. 0. 0 0. 0. 0;
23202, 0. 0. 0 0. 0. 0;
23212, 0. 0. 0 0. 0. 0;
23222, 0. 0. 0 0. 0. 0;
23232, 0. 0. 0 0. 0. 0;
23242, 0. 0. 0 0. 0. 0;
23252, 0. 0. 0 0. 0. 0;
23262, 0. 0. 0 0. 0. 0;
23272, 0. 0. 0 0. 0. 0;
23282, 0. 0. 0 0. 0. 0;
23292, 0. 0. 0 0. 0. 0;
23302, 0. 0. 0 0. 0. 0;
