0, 0. 0. 0 0. 0. 0;
10, 0. 0. 0 0. 0. 0;
20, 0. 0. 0 0. 0. 0;
30, 0. 0. 0 0. 0. 0;
40, 0. 0. 0 0. 0. 0;
50, 0. 0. 0 0. 0. 0;
60, 0. 0. 0 0. 0. 0;
70, 0. 0. 0 0. 0. 0;
80, 0. 0. 0 0. 0. 0;
90, 0. 0. 0 0. 0. 0;
100, 0. 0. 0 0. 0. 0;
110, 0. 0. 0 0. 0. 0;
120, 0. 0. 0 0. 0. 0;
130, 0. 0. 0 0. 0. 0;
140, 0. 0. 0 0. 0. 0;
150, 0. 0. 0 0. 0. 0;
160, 0. 0. 0 0. 0. 0;
170, 0. 0. 0 0. 0. 0;
180, 0. 0. 0 0. 0. 0;
190, 0. 0. 0 0. 0. 0;
200, 0. 0. 0 0. 0. 0;
210, 0. 0. 0 0. 0. 0;
220, 0. 0. 0 0. 0. 0;
230, 0. 0. 0 0. 0. 0;
240, 0. 0. 0 0. 0. 0;
250, 0. 0. 0 0. 0. 0;
260, 0. 0. 0 0. 0. 0;
270, 0. 0. 0 0. 0. 0;
280, 0. 0. 0 0. 0. 0;
290, 0. 0. 0 0. 0. 0;
300, 0. 0. 0 0. 0. 0;
310, 0. 0. 0 0. 0. 0;
320, 0. 0. 0 0. 0. 0;
330, 0. 0. 0 0. 0. 0;
340, 0. 0. 0 0. 0. 0;
350, 0. 0. 0 0. 0. 0;
360, 0. 0. 0 0. 0. 0;
370, 0. 0. 0 0. 0. 0;
380, 0. 0. 0 0. 0. 0;
390, 0. 0. 0 0. 0. 0;
400, 0. 0. 0 0. 0. 0;
410, 0. 0. 0 0. 0. 0;
420, 0. 0. 0 0. 0. 0;
430, 0. 0. 0 0. 0. 0;
440, 0. 0. 0 0. 0. 0;
450, 0. 0. 0 0. 0. 0;
460, 0. 0. 0 0. 0. 0;
470, 0. 0. 0 0. 0. 0;
480, 0. 0. 0 0. 0. 0;
490, 0. 0. 0 0. 0. 0;
500, 0. 0. 0 0. 0. 0;
510, 0. 0. 0 0. 0. 0;
520, 0. 0. 0 0. 0. 0;
530, 0. 0. 0 0. 0. 0;
540, 0. 0. 0 0. 0. 0;
550, 0. 0. 0 0. 0. 0;
560, 0. 0. 0 0. 0. 0;
570, 0. 0. 0 0. 0. 0;
580, 0. 0. 0 0. 0. 0;
590, 0. 0. 0 0. 0. 0;
600, 0. 0. 0 0. 0. 0;
610, 0. 0. 0 0. 0. 0;
620, 0. 0. 0 0. 0. 0;
630, 0. 0. 0 0. 0. 0;
640, 0. 0. 0 0. 0. 0;
650, 0. 0. 0 0. 0. 0;
660, 0. 0. 0 0. 0. 0;
670, 0. 0. 0 0. 0. 0;
680, 0. 0. 0 0. 0. 0;
690, 0. 0. 0 0. 0. 0;
700, 0. 0. 0 0. 0. 0;
710, 0. 0. 0 0. 0. 0;
720, 0. 0. 0 0. 0. 0;
730, 0. 0. 0 0. 0. 0;
740, 0. 0. 0 0. 0. 0;
750, 0. 0. 0 0. 0. 0;
760, 0. 0. 0 0. 0. 0;
770, 0. 0. 0 0. 0. 0;
780, 0. 0. 0 0. 0. 0;
790, 0. 0. 0 0. 0. 0;
800, 0. 0. 0 0. 0. 0;
810, 0. 0. 0 0. 0. 0;
820, 0. 0. 0 0. 0. 0;
830, 0. 0. 0 0. 0. 0;
840, 0. 0. 0 0. 0. 0;
850, 0. 0. 0 0. 0. 0;
860, 0. 0. 0 0. 0. 0;
870, 0. 0. 0 0. 0. 0;
880, 0. 0. 0 0. 0. 0;
890, 0. 0. 0 0. 0. 0;
900, 0. 0. 0 0. 0. 0;
910, 0. 0. 0 0. 0. 0;
920, 0. 0. 0 0. 0. 0;
930, 0. 0. 0 0. 0. 0;
940, 0. 0. 0 0. 0. 0;
950, 0. 0. 0 0. 0. 0;
960, 0. 0. 0 0. 0. 0;
970, 0. 0. 0 0. 0. 0;
980, 0. 0. 0 0. 0. 0;
990, 0. 0. 0 0. 0. 0;
1000, 0. 0. 0 0. 0. 0;
1010, 0. 0. 0 0. 0. 0;
1020, 0. 0. 0 0. 0. 0;
1030, 0. 0. 0 0. 0. 0;
1040, 0. 0. 0 0. 0. 0;
1050, 0. 0. 0 0. 0. 0;
1060, 0. 0. 0 0. 0. 0;
1070, 0. 0. 0 0. 0. 0;
1080, 0. 0. 0 0. 0. 0;
1090, 0. 0. 0 0. 0. 0;
1100, 0. 0. 0 0. 0. 0;
1110, 0. 0. 0 0. 0. 0;
1120, 0. 0. 0 0. 0. 0;
1130, 0. 0. 0 0. 0. 0;
1140, 0. 0. 0 0. 0. 0;
1150, 0. 0. 0 0. 0. 0;
1160, 0. 0. 0 0. 0. 0;
1170, 0. 0. 0 0. 0. 0;
1180, 0. 0. 0 0. 0. 0;
1190, 0. 0. 0 0. 0. 0;
1200, 0. 0. 0 0. 0. 0;
1210, 0. 0. 0 0. 0. 0;
1220, 0. 0. 0 0. 0. 0;
1230, 0. 0. 0 0. 0. 0;
1240, 0. 0. 0 0. 0. 0;
1250, 0. 0. 0 0. 0. 0;
1260, 0. 0. 0 0. 0. 0;
1305, 0. 0. 0 0. 0. 0;
1315, 0. 0. 0 0. 0. 0;
1325, 0. 0. 0 0. 0. 0;
1335, 0. 0. 0 0. 0. 0;
1345, 0. 0. 0 0. 0. 0;
1355, 0. 0. 0 0. 0. 0;
1365, 0. 0. 0 0. 0. 0;
1375, 0. 0. 0 0. 0. 0;
1385, 0. 0. 0 0. 0. 0;
1395, 0. 0. 0 0. 0. 0;
1405, 0. 0. 0 0. 0. 0;
1415, 0. 0. 0 0. 0. 0;
1425, 0. 0. 0 0. 0. 0;
1435, 0. 0. 0 0. 0. 0;
1445, 0. 0. 0 0. 0. 0;
1455, 0. 0. 0 0. 0. 0;
1465, 0. 0. 0 0. 0. 0;
1475, 0. 0. 0 0. 0. 0;
1485, 0. 0. 0 0. 0. 0;
1495, 0. 0. 0 0. 0. 0;
1505, 0. 0. 0 0. 0. 0;
1515, 0. 0. 0 0. 0. 0;
1525, 0. 0. 0 0. 0. 0;
1535, 0. 0. 0 0. 0. 0;
1545, 0. 0. 0 0. 0. 0;
1555, 0. 0. 0 0. 0. 0;
1565, 0. 0. 0 0. 0. 0;
1575, 0. 0. 0 0. 0. 0;
1585, 0. 0. 0 0. 0. 0;
1595, 0. 0. 0 0. 0. 0;
1605, 0. 0. 0 0. 0. 0;
1615, 0. 0. 0 0. 0. 0;
1625, 0. 0. 0 0. 0. 0;
1635, 0. 0. 0 0. 0. 0;
1645, 0. 0. 0 0. 0. 0;
1655, 0. 0. 0 0. 0. 0;
1665, 0. 0. 0 0. 0. 0;
1675, 0. 0. 0 0. 0. 0;
1685, 0. 0. 0 0. 0. 0;
1695, 0. 0. 0 0. 0. 0;
1705, 0. 0. 0 0. 0. 0;
1715, 0. 0. 0 0. 0. 0;
1725, 0. 0. 0 0. 0. 0;
1735, 0. 0. 0 0. 0. 0;
1745, 0. 0. 0 0. 0. 0;
1755, 0. 0. 0 0. 0. 0;
1765, 0. 0. 0 0. 0. 0;
1775, 0. 0. 0 0. 0. 0;
1785, 0. 0. 0 0. 0. 0;
1795, 0. 0. 0 0. 0. 0;
1805, 0. 0. 0 0. 0. 0;
1815, 0. 0. 0 0. 0. 0;
1825, 0. 0. 0 0. 0. 0;
1835, 0. 0. 0 0. 0. 0;
1845, 0. 0. 0 0. 0. 0;
1855, 0. 0. 0 0. 0. 0;
1865, 0. 0. 0 0. 0. 0;
1875, 0. 0. 0 0. 0. 0;
1885, 0. 0. 0 0. 0. 0;
1895, 0. 0. 0 0. 0. 0;
1905, 0. 0. 0 0. 0. 0;
1915, 0. 0. 0 0. 0. 0;
1925, 0. 0. 0 0. 0. 0;
1935, 0. 0. 0 0. 0. 0;
1945, 0. 0. 0 0. 0. 0;
1955, 0. 0. 0 0. 0. 0;
1965, 0. 0. 0 0. 0. 0;
1975, 0. 0. 0 0. 0. 0;
1985, 0. 0. 0 0. 0. 0;
1995, 0. 0. 0 0. 0. 0;
2005, 0. 0. 0 0. 0. 0;
2015, 0. 0. 0 0. 0. 0;
2025, 0. 0. 0 0. 0. 0;
2035, 0. 0. 0 0. 0. 0;
2045, 0. 0. 0 0. 0. 0;
2055, 0. 0. 0 0. 0. 0;
2065, 0. 0. 0 0. 0. 0;
2075, 0. 0. 0 0. 0. 0;
2085, 0. 0. 0 0. 0. 0;
2095, 0. 0. 0 0. 0. 0;
2105, 0. 0. 0 0. 0. 0;
2115, 0. 0. 0 0. 0. 0;
2125, 0. 0. 0 0. 0. 0;
2135, 0. 0. 0 0. 0. 0;
2145, 0. 0. 0 0. 0. 0;
2155, 0. 0. 0 0. 0. 0;
2165, 0. 0. 0 0. 0. 0;
2175, 0. 0. 0 0. 0. 0;
2185, 0. 0. 0 0. 0. 0;
2195, 0. 0. 0 0. 0. 0;
2205, 0. 0. 0 0. 0. 0;
2215, 0. 0. 0 0. 0. 0;
2225, 0. 0. 0 0. 0. 0;
2235, 0. 0. 0 0. 0. 0;
2245, 0. 0. 0 0. 0. 0;
2255, 0. 0. 0 0. 0. 0;
2265, 0. 0. 0 0. 0. 0;
2275, 0. 0. 0 0. 0. 0;
2285, 0. 0. 0 0. 0. 0;
2295, 0. 0. 0 0. 0. 0;
2305, 0. 0. 0 0. 0. 0;
2315, 0. 0. 0 0. 0. 0;
2325, 0. 0. 0 0. 0. 0;
2335, 0. 0. 0 0. 0. 0;
2345, 0. 0. 0 0. 0. 0;
2355, 0. 0. 0 0. 0. 0;
2365, 0. 0. 0 0. 0. 0;
2375, 0. 0. 0 0. 0. 0;
2385, 0. 0. 0 0. 0. 0;
2395, 0. 0. 0 0. 0. 0;
2405, 0. 0. 0 0. 0. 0;
2415, 0. 0. 0 0. 0. 0;
2425, 0. 0. 0 0. 0. 0;
2435, 0. 0. 0 0. 0. 0;
2445, 0. 0. 0 0. 0. 0;
2455, 0. 0. 0 0. 0. 0;
2465, 0. 0. 0 0. 0. 0;
2475, 0. 0. 0 0. 0. 0;
2485, 0. 0. 0 0. 0. 0;
2495, 0. 0. 0 0. 0. 0;
2505, 0. 0. 0 0. 0. 0;
2515, 0. 0. 0 0. 0. 0;
2525, 0. 0. 0 0. 0. 0;
2535, 0. 0. 0 0. 0. 0;
2545, 0. 0. 0 0. 0. 0;
2555, 0. 0. 0 0. 0. 0;
2565, 0. 0. 0 0. 0. 0;
2575, 0. 0. 0 0. 0. 0;
2585, 0. 0. 0 0. 0. 0;
2595, 0. 0. 0 0. 0. 0;
2605, 0. 0. 0 0. 0. 0;
2615, 0. 0. 0 0. 0. 0;
2625, 0. 0. 0 0. 0. 0;
2635, 0. 0. 0 0. 0. 0;
2645, 0. 0. 0 0. 0. 0;
2655, 0. 0. 0 0. 0. 0;
2665, 0. 0. 0 0. 0. 0;
2675, 0. 0. 0 0. 0. 0;
2685, 0. 0. 0 0. 0. 0;
2695, 0. 0. 0 0. 0. 0;
2705, 0. 0. 0 0. 0. 0;
2715, 0. 0. 0 0. 0. 0;
2725, 0. 0. 0 0. 0. 0;
2735, 0. 0. 0 0. 0. 0;
2745, 0. 0. 0 0. 0. 0;
2755, 0. 0. 0 0. 0. 0;
2765, 0. 0. 0 0. 0. 0;
2775, 0. 0. 0 0. 0. 0;
2785, 0. 0. 0 0. 0. 0;
2795, 0. 0. 0 0. 0. 0;
2805, 0. 0. 0 0. 0. 0;
2815, 0. 0. 0 0. 0. 0;
2825, 0. 0. 0 0. 0. 0;
2835, 0. 0. 0 0. 0. 0;
2845, 0. 0. 0 0. 0. 0;
2855, 0. 0. 0 0. 0. 0;
2865, 0. 0. 0 0. 0. 0;
2875, 0. 0. 0 0. 0. 0;
2885, 0. 0. 0 0. 0. 0;
2895, 0. 0. 0 0. 0. 0;
2905, 0. 0. 0 0. 0. 0;
2915, 0. 0. 0 0. 0. 0;
2925, 0. 0. 0 0. 0. 0;
2935, 0. 0. 0 0. 0. 0;
2945, 0. 0. 0 0. 0. 0;
2955, 0. 0. 0 0. 0. 0;
2965, 0. 0. 0 0. 0. 0;
2975, 0. 0. 0 0. 0. 0;
2985, 0. 0. 0 0. 0. 0;
2995, 0. 0. 0 0. 0. 0;
3005, 0. 0. 0 0. 0. 0;
3015, 0. 0. 0 0. 0. 0;
3025, 0. 0. 0 0. 0. 0;
3035, 0. 0. 0 0. 0. 0;
3045, 0. 0. 0 0. 0. 0;
3055, 0. 0. 0 0. 0. 0;
3065, 0. 0. 0 0. 0. 0;
3075, 0. 0. 0 0. 0. 0;
3085, 0. 0. 0 0. 0. 0;
3095, 0. 0. 0 0. 0. 0;
3105, 0. 0. 0 0. 0. 0;
3115, 0. 0. 0 0. 0. 0;
3125, 0. 0. 0 0. 0. 0;
3135, 0. 0. 0 0. 0. 0;
3145, 0. 0. 0 0. 0. 0;
3155, 0. 0. 0 0. 0. 0;
3165, 0. 0. 0 0. 0. 0;
3175, 0. 0. 0 0. 0. 0;
3185, 0. 0. 0 0. 0. 0;
3195, 0. 0. 0 0. 0. 0;
3205, 0. 0. 0 0. 0. 0;
3215, 0. 0. 0 0. 0. 0;
3225, 0. 0. 0 0. 0. 0;
3235, 0. 0. 0 0. 0. 0;
3245, 0. 0. 0 0. 0. 0;
3255, 0. 0. 0 0. 0. 0;
3265, 0. 0. 0 0. 0. 0;
3275, 0. 0. 0 0. 0. 0;
3285, 0. 0. 0 0. 0. 0;
3295, 0. 0. 0 0. 0. 0;
3305, 0. 0. 0 0. 0. 0;
3315, 0. 0. 0 0. 0. 0;
3325, 0. 0. 0 0. 0. 0;
3335, 0. 0. 0 0. 0. 0;
3345, 0. 0. 0 0. 0. 0;
3355, 0. 0. 0 0. 0. 0;
3365, 0. 0. 0 0. 0. 0;
3375, 0. 0. 0 0. 0. 0;
3385, 0. 0. 0 0. 0. 0;
3395, 0. 0. 0 0. 0. 0;
3405, 0. 0. 0 0. 0. 0;
3415, 0. 0. 0 0. 0. 0;
3425, 0. 0. 0 0. 0. 0;
3435, 0. 0. 0 0. 0. 0;
3445, 0. 0. 0 0. 0. 0;
3455, 0. 0. 0 0. 0. 0;
3465, 0. 0. 0 0. 0. 0;
3475, 0. 0. 0 0. 0. 0;
3485, 0. 0. 0 0. 0. 0;
3495, 0. 0. 0 0. 0. 0;
3505, 0. 0. 0 0. 0. 0;
3515, 0. 0. 0 0. 0. 0;
3525, 0. 0. 0 0. 0. 0;
3535, 0. 0. 0 0. 0. 0;
3545, 0. 0. 0 0. 0. 0;
3555, 0. 0. 0 0. 0. 0;
3565, 0. 0. 0 0. 0. 0;
3575, 0. 0. 0 0. 0. 0;
3585, 0. 0. 0 0. 0. 0;
3595, 0. 0. 0 0. 0. 0;
3605, 0. 0. 0 0. 0. 0;
3615, 0. 0. 0 0. 0. 0;
3625, 0. 0. 0 0. 0. 0;
3635, 0. 0. 0 0. 0. 0;
3645, 0. 0. 0 0. 0. 0;
3655, 0. 0. 0 0. 0. 0;
3665, 0. 0. 0 0. 0. 0;
3675, 0. 0. 0 0. 0. 0;
3685, 0. 0. 0 0. 0. 0;
3695, 0. 0. 0 0. 0. 0;
3705, 0. 0. 0 0. 0. 0;
3715, 0. 0. 0 0. 0. 0;
3725, 0. 0. 0 0. 0. 0;
3735, 0. 0. 0 0. 0. 0;
3745, 0. 0. 0 0. 0. 0;
3755, 0. 0. 0 0. 0. 0;
3765, 0. 0. 0 0. 0. 0;
3775, 0. 0. 0 0. 0. 0;
3785, 0. 0. 0 0. 0. 0;
3795, 0. 0. 0 0. 0. 0;
3805, 0. 0. 0 0. 0. 0;
3815, 0. 0. 0 0. 0. 0;
3825, 0. 0. 0 0. 0. 0;
3835, 0. 0. 0 0. 0. 0;
3845, 0. 0. 0 0. 0. 0;
3855, 0. 0. 0 0. 0. 0;
3865, 0. 0. 0 0. 0. 0;
3875, 0. 0. 0 0. 0. 0;
3885, 0. 0. 0 0. 0. 0;
3895, 0. 0. 0 0. 0. 0;
3905, 0. 0. 0 0. 0. 0;
3915, 0. 0. 0 0. 0. 0;
3925, 0. 0. 0 0. 0. 0;
3935, 0. 0. 0 0. 0. 0;
3945, 0. 0. 0 0. 0. 0;
3955, 0. 0. 0 0. 0. 0;
3965, 0. 0. 0 0. 0. 0;
3975, 0. 0. 0 0. 0. 0;
3985, 0. 0. 0 0. 0. 0;
3995, 0. 0. 0 0. 0. 0;
4005, 0. 0. 0 0. 0. 0;
4015, 0. 0. 0 0. 0. 0;
4025, 0. 0. 0 0. 0. 0;
4035, 0. 0. 0 0. 0. 0;
4045, 0. 0. 0 0. 0. 0;
4055, 0. 0. 0 0. 0. 0;
4065, 0. 0. 0 0. 0. 0;
4075, 0. 0. 0 0. 0. 0;
4085, 0. 0. 0 0. 0. 0;
4095, 0. 0. 0 0. 0. 0;
4105, 0. 0. 0 0. 0. 0;
4115, 0. 0. 0 0. 0. 0;
4125, 0. 0. 0 0. 0. 0;
4135, 0. 0. 0 0. 0. 0;
4145, 0. 0. 0 0. 0. 0;
4155, 0. 0. 0 0. 0. 0;
4165, 0. 0. 0 0. 0. 0;
4175, 0. 0. 0 0. 0. 0;
4185, 0. 0. 0 0. 0. 0;
4195, 0. 0. 0 0. 0. 0;
4205, 0. 0. 0 0. 0. 0;
4215, 0. 0. 0 0. 0. 0;
4225, 0. 0. 0 0. 0. 0;
4235, 0. 0. 0 0. 0. 0;
4245, 0. 0. 0 0. 0. 0;
4255, 0. 0. 0 0. 0. 0;
4265, 0. 0. 0 0. 0. 0;
4275, 0. 0. 0 0. 0. 0;
4285, 0. 0. 0 0. 0. 0;
4295, 0. 0. 0 0. 0. 0;
4305, 0. 0. 0 0. 0. 0;
4315, 0. 0. 0 0. 0. 0;
4325, 0. 0. 0 0. 0. 0;
4335, 0. 0. 0 0. 0. 0;
4345, 0. 0. 0 0. 0. 0;
4355, 0. 0. 0 0. 0. 0;
4365, 0. 0. 0 0. 0. 0;
4375, 0. 0. 0 0. 0. 0;
4385, 0. 0. 0 0. 0. 0;
4395, 0. 0. 0 0. 0. 0;
4405, 0. 0. 0 0. 0. 0;
4415, 0. 0. 0 0. 0. 0;
4425, 0. 0. 0 0. 0. 0;
4435, 0. 0. 0 0. 0. 0;
4445, 0. 0. 0 0. 0. 0;
4455, 0. 0. 0 0. 0. 0;
4465, 0. 0. 0 0. 0. 0;
4475, 0. 0. 0 0. 0. 0;
4485, 0. 0. 0 0. 0. 0;
4495, 0. 0. 0 0. 0. 0;
4505, 0. 0. 0 0. 0. 0;
4515, 0. 0. 0 0. 0. 0;
4525, 0. 0. 0 0. 0. 0;
4535, 0. 0. 0 0. 0. 0;
4545, 0. 0. 0 0. 0. 0;
4555, 0. 0. 0 0. 0. 0;
4565, 0. 0. 0 0. 0. 0;
4575, 0. 0. 0 0. 0. 0;
4585, 0. 0. 0 0. 0. 0;
4595, 0. 0. 0 0. 0. 0;
4605, 0. 0. 0 0. 0. 0;
4615, 0. 0. 0 0. 0. 0;
4625, 0. 0. 0 0. 0. 0;
4635, 0. 0. 0 0. 0. 0;
4645, 0. 0. 0 0. 0. 0;
4655, 0. 0. 0 0. 0. 0;
4665, 0. 0. 0 0. 0. 0;
4675, 0. 0. 0 0. 0. 0;
4685, 0. 0. 0 0. 0. 0;
4695, 0. 0. 0 0. 0. 0;
4705, 0. 0. 0 0. 0. 0;
4715, 0. 0. 0 0. 0. 0;
4725, 0. 0. 0 0. 0. 0;
4735, 0. 0. 0 0. 0. 0;
4745, 0. 0. 0 0. 0. 0;
4755, 0. 0. 0 0. 0. 0;
4765, 0. 0. 0 0. 0. 0;
4775, 0. 0. 0 0. 0. 0;
4785, 0. 0. 0 0. 0. 0;
4795, 0. 0. 0 0. 0. 0;
4805, 0. 0. 0 0. 0. 0;
4815, 0. 0. 0 0. 0. 0;
4825, 0. 0. 0 0. 0. 0;
4835, 0. 0. 0 0. 0. 0;
4845, 0. 0. 0 0. 0. 0;
4855, 0. 0. 0 0. 0. 0;
4865, 0. 0. 0 0. 0. 0;
4875, 0. 0. 0 0. 0. 0;
4885, 0. 0. 0 0. 0. 0;
4895, 0. 0. 0 0. 0. 0;
4905, 0. 0. 0 0. 0. 0;
4915, 0. 0. 0 0. 0. 0;
4925, 0. 0. 0 0. 0. 0;
4935, 0. 0. 0 0. 0. 0;
4945, 0. 0. 0 0. 0. 0;
4955, 0. 0. 0 0. 0. 0;
4965, 0. 0. 0 0. 0. 0;
4975, 0. 0. 0 0. 0. 0;
4985, 0. 0. 0 0. 0. 0;
4995, 0. 0. 0 0. 0. 0;
5005, 0. 0. 0 0. 0. 0;
5015, 0. 0. 0 0. 0. 0;
5025, 0. 0. 0 0. 0. 0;
5035, 0. 0. 0 0. 0. 0;
5045, 0. 0. 0 0. 0. 0;
5055, 0. 0. 0 0. 0. 0;
5065, 0. 0. 0 0. 0. 0;
5075, 0. 0. 0 0. 0. 0;
5085, 0. 0. 0 0. 0. 0;
5095, 0. 0. 0 0. 0. 0;
5105, 0. 0. 0 0. 0. 0;
5115, 0. 0. 0 0. 0. 0;
5125, 0. 0. 0 0. 0. 0;
5135, 0. 0. 0 0. 0. 0;
5145, 0. 0. 0 0. 0. 0;
5155, 0. 0. 0 0. 0. 0;
5165, 0. 0. 0 0. 0. 0;
5175, 0. 0. 0 0. 0. 0;
5185, 0. 0. 0 0. 0. 0;
5195, 0. 0. 0 0. 0. 0;
5205, 0. 0. 0 0. 0. 0;
5215, 0. 0. 0 0. 0. 0;
5225, 0. 0. 0 0. 0. 0;
5235, 0. 0. 0 0. 0. 0;
5245, 0. 0. 0 0. 0. 0;
5255, 0. 0. 0 0. 0. 0;
5265, 0. 0. 0 0. 0. 0;
5275, 0. 0. 0 0. 0. 0;
5285, 0. 0. 0 0. 0. 0;
5295, 0. 0. 0 0. 0. 0;
5305, 0. 0. 0 0. 0. 0;
5315, 0. 0. 0 0. 0. 0;
5325, 0. 0. 0 0. 0. 0;
5335, 0. 0. 0 0. 0. 0;
5345, 0. 0. 0 0. 0. 0;
5355, 0. 0. 0 0. 0. 0;
5365, 0. 0. 0 0. 0. 0;
5375, 0. 0. 0 0. 0. 0;
5385, 0. 0. 0 0. 0. 0;
5395, 0. 0. 0 0. 0. 0;
5405, 0. 0. 0 0. 0. 0;
5415, 0. 0. 0 0. 0. 0;
5425, 0. 0. 0 0. 0. 0;
5435, 0. 0. 0 0. 0. 0;
5445, 0. 0. 0 0. 0. 0;
5455, 0. 0. 0 0. 0. 0;
5465, 0. 0. 0 0. 0. 0;
5475, 0. 0. 0 0. 0. 0;
5485, 0. 0. 0 0. 0. 0;
5495, 0. 0. 0 0. 0. 0;
5505, 0. 0. 0 0. 0. 0;
5515, 0. 0. 0 0. 0. 0;
5525, 0. 0. 0 0. 0. 0;
5535, 0. 0. 0 0. 0. 0;
5545, 0. 0. 0 0. 0. 0;
5555, 0. 0. 0 0. 0. 0;
5565, 0. 0. 0 0. 0. 0;
5575, 0. 0. 0 0. 0. 0;
5585, 0. 0. 0 0. 0. 0;
5595, 0. 0. 0 0. 0. 0;
5605, 0. 0. 0 0. 0. 0;
5615, 0. 0. 0 0. 0. 0;
5625, 0. 0. 0 0. 0. 0;
5635, 0. 0. 0 0. 0. 0;
5645, 0. 0. 0 0. 0. 0;
5655, 0. 0. 0 0. 0. 0;
5665, 0. 0. 0 0. 0. 0;
5675, 0. 0. 0 0. 0. 0;
5685, 0.103114 0.522821 1 0. 0. 0;
5695, 0.103114 0.522821 1 0. 0. 0;
5705, 0.103114 0.522821 1 0. 0. 0;
5715, 0.103114 0.522821 1 0. 0. 0;
5725, 0.103114 0.522821 1 0. 0. 0;
5735, 0.103114 0.522821 1 0. 0. 0;
5745, 0.103114 0.522821 1 0. 0. 0;
5755, 0.103641 0.51908 1 0. 0. 0;
5765, 0.103641 0.51908 1 0. 0. 0;
5775, 0.103641 0.51908 1 0. 0. 0;
5785, 0.103641 0.51908 1 0. 0. 0;
5795, 0.103641 0.51908 1 0.115319 0.616763 1;
5805, 0.103641 0.51908 1 0.115319 0.616763 1;
5815, 0.103641 0.51908 1 0.115319 0.616763 1;
5825, 0.103641 0.51908 1 0.115319 0.616763 1;
5835, 0.103641 0.51908 1 0.115319 0.616763 1;
5845, 0.102588 0.518144 1 0.115319 0.616763 1;
5855, 0.102588 0.518144 1 0.115319 0.616763 1;
5865, 0.102588 0.518144 1 0.115319 0.616763 1;
5875, 0.102588 0.518144 1 0.115319 0.616763 1;
5885, 0.102588 0.518144 1 0.115319 0.616763 1;
5895, 0.102588 0.518144 1 0.115319 0.616763 1;
5905, 0.102588 0.518144 1 0.115319 0.616763 1;
5915, 0.102588 0.518144 1 0.115319 0.616763 1;
5925, 0.102588 0.518144 1 0.115319 0.616763 1;
5935, 0.102588 0.518144 1 0.115319 0.616763 1;
5945, 0.102588 0.518144 1 0.115319 0.616763 1;
5955, 0.102588 0.518144 1 0.115319 0.616763 1;
5965, 0.102588 0.518144 1 0.115319 0.616763 1;
5975, 0.102588 0.518144 1 0.115319 0.616763 1;
5985, 0.102588 0.518144 1 0.115319 0.616763 1;
5995, 0.102588 0.518144 1 0.115319 0.616763 1;
6005, 0.102588 0.518144 1 0.115319 0.616763 1;
6015, 0.102588 0.518144 1 0.115319 0.616763 1;
6025, 0.102588 0.518144 1 0.115319 0.616763 1;
6035, 0.102588 0.518144 1 0.115319 0.616763 1;
6045, 0.102588 0.518144 1 0.115319 0.616763 1;
6055, 0.102588 0.518144 1 0.115319 0.616763 1;
6065, 0.102588 0.518144 1 0.115319 0.616763 1;
6075, 0.102588 0.518144 1 0.115319 0.616763 1;
6085, 0.102588 0.518144 1 0.115319 0.616763 1;
6095, 0.102588 0.518144 1 0.115319 0.616763 1;
6105, 0.102588 0.518144 1 0.115319 0.616763 1;
6115, 0.102588 0.518144 1 0.115319 0.616763 1;
6125, 0.102588 0.518144 1 0.115319 0.616763 1;
6135, 0.102588 0.518144 1 0.115319 0.616763 1;
6145, 0.102588 0.518144 1 0.115319 0.616763 1;
6155, 0.102588 0.518144 1 0.115319 0.616763 1;
6165, 0.102588 0.518144 1 0.115319 0.616763 1;
6175, 0.102588 0.518144 1 0.115319 0.616763 1;
6185, 0.102588 0.518144 1 0.115319 0.616763 1;
6195, 0.102588 0.518144 1 0.115319 0.616763 1;
6205, 0.102588 0.518144 1 0.115319 0.616763 1;
6215, 0.102588 0.518144 1 0.115319 0.616763 1;
6225, 0.102588 0.518144 1 0.115319 0.616763 1;
6235, 0.102588 0.518144 1 0.115319 0.616763 1;
6245, 0.102588 0.518144 1 0.115319 0.616763 1;
6255, 0.102588 0.518144 1 0.115319 0.616763 1;
6265, 0.102588 0.518144 1 0.115319 0.616763 1;
6275, 0.102588 0.518144 1 0.115319 0.616763 1;
6285, 0.102588 0.518144 1 0.115319 0.616763 1;
6295, 0.102588 0.518144 1 0.115319 0.616763 1;
6305, 0.102588 0.518144 1 0.115319 0.616763 1;
6315, 0.102588 0.518144 1 0.115319 0.616763 1;
6325, 0.102588 0.518144 1 0.115319 0.616763 1;
6335, 0.102588 0.518144 1 0.115319 0.616763 1;
6345, 0.102588 0.518144 1 0.115319 0.616763 1;
6355, 0.102588 0.518144 1 0.115319 0.616763 1;
6365, 0.102588 0.518144 1 0.115319 0.616763 1;
6375, 0.102588 0.518144 1 0.115319 0.616763 1;
6385, 0.102588 0.518144 1 0.115319 0.616763 1;
6395, 0.102588 0.518144 1 0.115319 0.616763 1;
6405, 0.103641 0.51908 1 0.115319 0.616763 1;
6415, 0.103641 0.51908 1 0.115319 0.616763 1;
6425, 0.103641 0.51908 1 0.115319 0.616763 1;
6435, 0.103641 0.51908 1 0.115319 0.616763 1;
6445, 0.104167 0.520015 1 0.115319 0.616763 1;
6455, 0.104693 0.52095 1 0.115319 0.616763 1;
6465, 0.104693 0.52095 1 0.115319 0.616763 1;
6475, 0.105219 0.523756 1 0.115319 0.616763 1;
6485, 0.105745 0.525627 1 0.115319 0.616763 1;
6495, 0.105745 0.527497 1 0.115319 0.616763 1;
6505, 0.105745 0.527497 1 0.115319 0.616763 1;
6515, 0.106271 0.529368 1 0.115319 0.616763 1;
6525, 0.106271 0.531238 1 0.115319 0.616763 1;
6535, 0.106797 0.532174 1 0.115319 0.616763 1;
6545, 0.106797 0.534044 1 0.115319 0.616763 1;
6555, 0.107323 0.534979 1 0.115319 0.616763 1;
6565, 0.107323 0.535915 1 0.115319 0.616763 1;
6575, 0.107849 0.537785 1 0.115319 0.616763 1;
6585, 0.107849 0.537785 1 0.115319 0.616763 1;
6595, 0.108375 0.538721 1 0.115319 0.616763 1;
6605, 0.108375 0.540591 1 0.115319 0.616763 1;
6615, 0.108375 0.540591 1 0.115319 0.616763 1;
6625, 0.108902 0.541526 1 0.115319 0.616763 1;
6635, 0.108902 0.541526 1 0.115319 0.616763 1;
6645, 0.109954 0.543397 1 0.115319 0.616763 1;
6655, 0.109954 0.543397 1 0.115319 0.616763 1;
6665, 0.109954 0.545268 1 0.115319 0.616763 1;
6675, 0.109954 0.546203 1 0.115319 0.616763 1;
6685, 0.109954 0.546203 1 0.115319 0.616763 1;
6695, 0.11048 0.547138 1 0.115319 0.616763 1;
6705, 0.11048 0.547138 1 0.115319 0.616763 1;
6715, 0.111006 0.549009 1 0.115319 0.616763 1;
6725, 0.111532 0.549944 1 0.115319 0.616763 1;
6735, 0.111532 0.549944 1 0.115319 0.616763 1;
6745, 0.112058 0.550879 1 0.115319 0.616763 1;
6755, 0.112584 0.551814 1 0.115319 0.616763 1;
6765, 0.112584 0.551814 1 0.115319 0.616763 1;
6775, 0.11311 0.55275 1 0.115319 0.616763 1;
6785, 0.113636 0.553685 1 0.117018 0.61464 1;
6795, 0.113636 0.553685 1 0.117018 0.61464 1;
6805, 0.114162 0.55462 1 0.117018 0.61464 1;
6815, 0.114162 0.55462 1 0.117018 0.61464 1;
6825, 0.114162 0.556491 1 0.117018 0.61464 1;
6835, 0.114162 0.556491 1 0.117018 0.61464 1;
6845, 0.114689 0.557426 1 0.117018 0.61464 1;
6855, 0.114689 0.557426 1 0.117018 0.61464 1;
6865, 0.114689 0.559297 1 0.117018 0.61464 1;
6875, 0.115215 0.560232 1 0.117018 0.61464 1;
6885, 0.115215 0.560232 1 0.117018 0.61464 1;
6895, 0.115215 0.560232 1 0.117018 0.61464 1;
6905, 0.115215 0.561167 1 0.117018 0.61464 1;
6915, 0.115741 0.563038 1 0.117018 0.61464 1;
6925, 0.115741 0.563038 1 0.117018 0.61464 1;
6935, 0.115741 0.563038 1 0.117018 0.61464 1;
6945, 0.115741 0.563973 1 0.117018 0.61464 1;
6955, 0.115741 0.564908 1 0.117018 0.61464 1;
6965, 0.115741 0.564908 1 0.117018 0.61464 1;
6975, 0.115741 0.566779 1 0.117018 0.61464 1;
6985, 0.116267 0.567714 1 0.117018 0.61464 1;
6995, 0.116267 0.567714 1 0.117018 0.61464 1;
7005, 0.116267 0.569585 1 0.117018 0.61464 1;
7015, 0.116267 0.569585 1 0.117018 0.61464 1;
7025, 0.116793 0.57052 1 0.117018 0.61464 1;
7035, 0.116793 0.57052 1 0.117018 0.61464 1;
7045, 0.116793 0.571455 1 0.117018 0.61464 1;
7055, 0.116793 0.573326 1 0.117018 0.61464 1;
7065, 0.116793 0.573326 1 0.117018 0.61464 1;
7075, 0.116793 0.574261 1 0.117018 0.61464 1;
7085, 0.116793 0.574261 1 0.117018 0.61464 1;
7095, 0.117319 0.576132 1 0.117018 0.61464 1;
7105, 0.117319 0.577067 1 0.117018 0.61464 1;
7115, 0.117319 0.578938 1 0.117018 0.61464 1;
7125, 0.117319 0.579873 1 0.117018 0.61464 1;
7135, 0.117319 0.579873 1 0.117018 0.61464 1;
7145, 0.117319 0.581743 1 0.117018 0.61464 1;
7155, 0.117319 0.583614 1 0.117018 0.61464 1;
7165, 0.117319 0.583614 1 0.117018 0.61464 1;
7175, 0.117319 0.58642 1 0.117018 0.61464 1;
7185, 0.117319 0.587355 1 0.117018 0.61464 1;
7195, 0.117319 0.58829 1 0.117018 0.61464 1;
7205, 0.117319 0.590161 1 0.117018 0.61464 1;
7215, 0.116793 0.592031 1 0.117018 0.61464 1;
7225, 0.116793 0.592967 1 0.117018 0.61464 1;
7235, 0.116793 0.592967 1 0.117018 0.61464 1;
7245, 0.116793 0.594837 1 0.117018 0.61464 1;
7255, 0.116267 0.595773 1 0.117018 0.61464 1;
7265, 0.116267 0.597643 1 0.117018 0.61464 1;
7275, 0.116267 0.598578 1 0.117018 0.61464 1;
7285, 0.115741 0.600449 1 0.117018 0.61464 1;
7295, 0.115741 0.601384 1 0.117018 0.61464 1;
7305, 0.115215 0.603255 1 0.117018 0.61464 1;
7315, 0.115215 0.605125 1 0.117018 0.61464 1;
7325, 0.115215 0.605125 1 0.117018 0.61464 1;
7335, 0.115215 0.605125 1 0.117018 0.61464 1;
7345, 0.114689 0.607931 1 0.117018 0.61464 1;
7355, 0.114162 0.608866 1 0.117018 0.61464 1;
7365, 0.114162 0.609802 1 0.117018 0.61464 1;
7375, 0.113636 0.611672 1 0.117018 0.61464 1;
7385, 0.113636 0.611672 1 0.117018 0.61464 1;
7395, 0.113636 0.612608 1 0.117018 0.61464 1;
7405, 0.11311 0.613543 1 0.117018 0.61464 1;
7415, 0.11311 0.613543 1 0.117018 0.61464 1;
7425, 0.112584 0.615413 1 0.117018 0.61464 1;
7435, 0.112584 0.615413 1 0.117018 0.61464 1;
7445, 0.112058 0.616349 1 0.117018 0.61464 1;
7455, 0.112058 0.616349 1 0.117018 0.61464 1;
7465, 0.112058 0.616349 1 0.117018 0.61464 1;
7475, 0.112058 0.617284 1 0.117018 0.61464 1;
7485, 0.111532 0.619155 1 0.117018 0.61464 1;
7495, 0.111532 0.619155 1 0.117018 0.61464 1;
7505, 0.111006 0.62009 1 0.117018 0.61464 1;
7515, 0.111006 0.62009 1 0.117018 0.61464 1;
7525, 0.11048 0.621025 1 0.117018 0.61464 1;
7535, 0.11048 0.621025 1 0.117018 0.61464 1;
7545, 0.11048 0.62196 1 0.117018 0.61464 1;
7555, 0.11048 0.62196 1 0.117018 0.61464 1;
7565, 0.11048 0.62196 1 0.117018 0.61464 1;
7575, 0.11048 0.62196 1 0.117018 0.61464 1;
7585, 0.109954 0.622896 1 0.117018 0.61464 1;
7595, 0.109954 0.622896 1 0.117018 0.61464 1;
7605, 0.109954 0.622896 1 0.117018 0.61464 1;
7615, 0.109954 0.624766 1 0.117018 0.61464 1;
7625, 0.109954 0.624766 1 0.117018 0.61464 1;
7635, 0.109954 0.624766 1 0.117867 0.613578 1;
7645, 0.109954 0.624766 1 0.117867 0.613578 1;
7655, 0.109954 0.624766 1 0.117867 0.613578 1;
7665, 0.109954 0.624766 1 0.117867 0.613578 1;
7675, 0.109954 0.624766 1 0.117867 0.613578 1;
7685, 0.109954 0.624766 1 0.117867 0.613578 1;
7695, 0.109954 0.624766 1 0.117867 0.613578 1;
7705, 0.109954 0.624766 1 0.117867 0.613578 1;
7715, 0.109954 0.624766 1 0.117867 0.613578 1;
7725, 0.109954 0.624766 1 0.117867 0.613578 1;
7735, 0.109954 0.624766 1 0.117867 0.613578 1;
7745, 0.109954 0.625701 1 0.117867 0.613578 1;
7755, 0.109954 0.625701 1 0.117867 0.613578 1;
7765, 0.109954 0.625701 1 0.117867 0.613578 1;
7775, 0.109954 0.625701 1 0.117867 0.613578 1;
7785, 0.109954 0.625701 1 0.117867 0.613578 1;
7795, 0.109954 0.625701 1 0.117867 0.613578 1;
7805, 0.109954 0.625701 1 0.117867 0.613578 1;
7815, 0.109954 0.625701 1 0.117867 0.613578 1;
7825, 0.109954 0.625701 1 0.117867 0.613578 1;
7835, 0.109954 0.625701 1 0.117867 0.613578 1;
7845, 0.109954 0.625701 1 0.117867 0.613578 1;
7855, 0.109954 0.625701 1 0.117867 0.613578 1;
7865, 0.109954 0.625701 1 0.117867 0.613578 1;
7875, 0.109954 0.625701 1 0.117867 0.613578 1;
7885, 0.109954 0.625701 1 0.117867 0.613578 1;
7895, 0.109954 0.625701 1 0.117867 0.613578 1;
7905, 0.109954 0.625701 1 0.117867 0.613578 1;
7915, 0.109954 0.625701 1 0.117867 0.613578 1;
7925, 0.109954 0.625701 1 0.117867 0.613578 1;
7935, 0.109954 0.625701 1 0.117867 0.613578 1;
7945, 0.109428 0.624766 1 0.117867 0.613578 1;
7955, 0.109428 0.624766 1 0.117867 0.613578 1;
7965, 0.109428 0.624766 1 0.117867 0.613578 1;
7975, 0.109428 0.624766 1 0.117867 0.613578 1;
7985, 0.109428 0.624766 1 0.117867 0.613578 1;
7995, 0.109428 0.624766 1 0.117867 0.613578 1;
8005, 0.109428 0.624766 1 0.117867 0.613578 1;
8015, 0.109428 0.624766 1 0.117867 0.613578 1;
8025, 0.109428 0.624766 1 0.117867 0.613578 1;
8035, 0.109428 0.624766 1 0.117867 0.613578 1;
8045, 0.109428 0.624766 1 0.117867 0.613578 1;
8055, 0.109428 0.624766 1 0.117867 0.613578 1;
8065, 0.109428 0.624766 1 0.117867 0.613578 1;
8075, 0.109428 0.624766 1 0.117867 0.613578 1;
8085, 0.109428 0.624766 1 0.117867 0.613578 1;
8095, 0.109428 0.624766 1 0.117867 0.613578 1;
8105, 0.109428 0.624766 1 0.117867 0.613578 1;
8115, 0.109428 0.624766 1 0.117867 0.613578 1;
8125, 0.109428 0.624766 1 0.117867 0.613578 1;
8135, 0.109428 0.624766 1 0.117867 0.613578 1;
8145, 0.109428 0.624766 1 0.117867 0.613578 1;
8155, 0.109428 0.624766 1 0.117867 0.613578 1;
8165, 0.109428 0.624766 1 0.117867 0.613578 1;
8175, 0.109428 0.624766 1 0.117867 0.613578 1;
8185, 0.109428 0.624766 1 0.117867 0.613578 1;
8195, 0.109428 0.624766 1 0.117867 0.613578 1;
8205, 0.109428 0.624766 1 0.117867 0.613578 1;
8215, 0.109428 0.624766 1 0.117867 0.613578 1;
8225, 0.109428 0.624766 1 0.117867 0.613578 1;
8235, 0.109428 0.624766 1 0.117018 0.612517 1;
8245, 0.109428 0.624766 1 0.117018 0.612517 1;
8255, 0.109428 0.624766 1 0.117018 0.612517 1;
8265, 0.109428 0.624766 1 0.117018 0.612517 1;
8275, 0.109428 0.624766 1 0.116168 0.611456 1;
8285, 0.109428 0.624766 1 0.116168 0.611456 1;
8295, 0.109428 0.624766 1 0.116168 0.610394 1;
8305, 0.109428 0.624766 1 0.115319 0.609333 1;
8315, 0.109428 0.624766 1 0.115319 0.609333 1;
8325, 0.109428 0.624766 1 0.115319 0.60721 1;
8335, 0.109428 0.623831 1 0.115319 0.60721 1;
8345, 0.109428 0.623831 1 0.115319 0.606148 1;
8355, 0.109428 0.623831 1 0.11447 0.604025 1;
8365, 0.109428 0.623831 1 0.11447 0.604025 1;
8375, 0.109428 0.623831 1 0.11447 0.602964 1;
8385, 0.109428 0.623831 1 0.11447 0.602964 1;
8395, 0.109428 0.623831 1 0.11447 0.600841 1;
8405, 0.109428 0.623831 1 0.113621 0.599779 1;
8415, 0.109428 0.623831 1 0.113621 0.598718 1;
8425, 0.109428 0.623831 1 0.113621 0.597656 1;
8435, 0.109428 0.623831 1 0.113621 0.597656 1;
8445, 0.109428 0.623831 1 0.112772 0.594472 1;
8455, 0.109428 0.623831 1 0.112772 0.594472 1;
8465, 0.109428 0.623831 1 0.112772 0.59341 1;
8475, 0.109428 0.623831 1 0.112772 0.592349 1;
8485, 0.109428 0.62196 1 0.112772 0.592349 1;
8495, 0.109428 0.62196 1 0.111923 0.590226 1;
8505, 0.109428 0.62196 1 0.111923 0.590226 1;
8515, 0.109428 0.62196 1 0.111923 0.589164 1;
8525, 0.109428 0.62196 1 0.111923 0.589164 1;
8535, 0.109428 0.62196 1 0.111923 0.589164 1;
8545, 0.109428 0.62196 1 0.111923 0.588103 1;
8555, 0.109428 0.62196 1 0.111923 0.587041 1;
8565, 0.109428 0.62196 1 0.111923 0.587041 1;
8575, 0.109428 0.62196 1 0.111923 0.587041 1;
8585, 0.109428 0.62196 1 0.111923 0.587041 1;
8595, 0.109428 0.62196 1 0.111073 0.58598 1;
8605, 0.109428 0.62196 1 0.111073 0.58598 1;
8615, 0.109428 0.62196 1 0.111073 0.58598 1;
8625, 0.108902 0.621025 1 0.111073 0.58598 1;
8635, 0.108902 0.621025 1 0.111073 0.58598 1;
8645, 0.108902 0.621025 1 0.111073 0.58598 1;
8655, 0.108902 0.62009 1 0.111073 0.58598 1;
8665, 0.108902 0.62009 1 0.111073 0.58598 1;
8675, 0.108375 0.618219 1 0.111073 0.58598 1;
8685, 0.108375 0.618219 1 0.111073 0.583857 1;
8695, 0.107849 0.617284 1 0.111073 0.583857 1;
8705, 0.107849 0.617284 1 0.111073 0.583857 1;
8715, 0.107323 0.615413 1 0.111073 0.583857 1;
8725, 0.106797 0.613543 1 0.111073 0.583857 1;
8735, 0.106797 0.613543 1 0.111073 0.583857 1;
8745, 0.106271 0.612608 1 0.111073 0.583857 1;
8755, 0.106271 0.611672 1 0.111073 0.583857 1;
8765, 0.105745 0.609802 1 0.111073 0.583857 1;
8775, 0.105219 0.608866 1 0.111073 0.583857 1;
8785, 0.104693 0.606061 1 0.111073 0.583857 1;
8795, 0.104693 0.606061 1 0.111073 0.583857 1;
8805, 0.104693 0.606061 1 0.111073 0.583857 1;
8815, 0.103641 0.601384 1 0.111073 0.583857 1;
8825, 0.103114 0.600449 1 0.111073 0.583857 1;
8835, 0.103114 0.600449 1 0.111073 0.583857 1;
8845, 0.103114 0.600449 1 0.111073 0.583857 1;
8855, 0.102062 0.595773 1 0.111073 0.583857 1;
8865, 0.102062 0.593902 1 0.111073 0.583857 1;
8875, 0.101536 0.592031 1 0.111073 0.583857 1;
8885, 0.10101 0.591096 1 0.111073 0.583857 1;
8895, 0.100484 0.58829 1 0.111073 0.583857 1;
8905, 0.100484 0.58829 1 0.111073 0.583857 1;
8915, 0.099432 0.584549 1 0.111073 0.583857 1;
8925, 0.098906 0.581743 1 0.111073 0.583857 1;
8935, 0.098906 0.581743 1 0.111073 0.583857 1;
8945, 0.09838 0.578938 1 0.111073 0.583857 1;
8955, 0.097854 0.576132 1 0.111073 0.583857 1;
8965, 0.097327 0.574261 1 0.111073 0.583857 1;
8975, 0.097327 0.574261 1 0.111073 0.583857 1;
8985, 0.096275 0.566779 1 0.111073 0.583857 1;
8995, 0.095749 0.564908 1 0.111073 0.583857 1;
9005, 0.095749 0.564908 1 0.111073 0.583857 1;
9015, 0.095223 0.559297 1 0.111073 0.583857 1;
9025, 0.094697 0.555556 1 0.111073 0.583857 1;
9035, 0.094171 0.553685 1 0.111073 0.583857 1;
9045, 0.093645 0.549944 1 0.111923 0.584918 1;
9055, 0.093119 0.546203 1 0.111923 0.584918 1;
9065, 0.093119 0.546203 1 0.111923 0.584918 1;
9075, 0.092593 0.541526 1 0.111923 0.584918 1;
9085, 0.092067 0.539656 1 0.111923 0.584918 1;
9095, 0.09154 0.535915 1 0.111923 0.584918 1;
9105, 0.09154 0.535915 1 0.111923 0.584918 1;
9115, 0.091014 0.531238 1 0.111923 0.584918 1;
9125, 0.091014 0.529368 1 0.111923 0.584918 1;
9135, 0.090488 0.527497 1 0.112772 0.584918 1;
9145, 0.090488 0.523756 1 0.112772 0.584918 1;
9155, 0.089962 0.52095 1 0.112772 0.584918 1;
9165, 0.089436 0.51908 1 0.112772 0.584918 1;
9175, 0.08891 0.515339 1 0.112772 0.58598 1;
9185, 0.08891 0.514403 1 0.112772 0.58598 1;
9195, 0.088384 0.510662 1 0.113621 0.587041 1;
9205, 0.088384 0.510662 1 0.113621 0.587041 1;
9215, 0.087858 0.505051 1 0.11447 0.588103 1;
9225, 0.087858 0.502245 1 0.115319 0.589164 1;
9235, 0.087858 0.500374 1 0.115319 0.589164 1;
9245, 0.086806 0.493827 1 0.115319 0.589164 1;
9255, 0.086806 0.491957 1 0.115319 0.589164 1;
9265, 0.086806 0.490086 1 0.116168 0.590226 1;
9275, 0.086279 0.48541 1 0.116168 0.592349 1;
9285, 0.085753 0.483539 1 0.116168 0.592349 1;
9295, 0.085227 0.478863 1 0.117018 0.59341 1;
9305, 0.085227 0.478863 1 0.117018 0.59341 1;
9315, 0.084701 0.473251 1 0.117867 0.595533 1;
9325, 0.084175 0.46951 1 0.117867 0.597656 1;
9335, 0.084175 0.46951 1 0.117867 0.597656 1;
9345, 0.084175 0.464834 1 0.118716 0.601902 1;
9355, 0.084175 0.462028 1 0.118716 0.605087 1;
9365, 0.083649 0.460157 1 0.119565 0.606148 1;
9375, 0.083649 0.457351 1 0.119565 0.609333 1;
9385, 0.083649 0.45361 1 0.119565 0.612517 1;
9395, 0.083649 0.452675 1 0.119565 0.615701 1;
9405, 0.083649 0.452675 1 0.119565 0.615701 1;
9415, 0.083649 0.447999 1 0.120414 0.619947 1;
9425, 0.083649 0.447999 1 0.120414 0.621009 1;
9435, 0.083649 0.447063 1 0.120414 0.621009 1;
9445, 0.083123 0.443322 1 0.120414 0.625255 1;
9455, 0.083123 0.443322 1 0.120414 0.626316 1;
9465, 0.083123 0.442387 1 0.121264 0.627378 1;
9475, 0.083123 0.441452 1 0.121264 0.628439 1;
9485, 0.083123 0.441452 1 0.121264 0.628439 1;
9495, 0.083123 0.441452 1 0.121264 0.628439 1;
9505, 0.083123 0.441452 1 0.121264 0.628439 1;
9515, 0.083123 0.441452 1 0.121264 0.630562 1;
9525, 0.083123 0.441452 1 0.121264 0.630562 1;
9535, 0.083123 0.441452 1 0.121264 0.630562 1;
9545, 0.083123 0.441452 1 0.121264 0.630562 1;
9555, 0.083649 0.441452 1 0.121264 0.630562 1;
9565, 0.083649 0.441452 1 0.121264 0.630562 1;
9575, 0.084175 0.442387 1 0.121264 0.630562 1;
9585, 0.084701 0.445193 1 0.121264 0.630562 1;
9595, 0.084701 0.445193 1 0.121264 0.630562 1;
9605, 0.084701 0.445193 1 0.121264 0.630562 1;
9615, 0.085753 0.449869 1 0.121264 0.630562 1;
9625, 0.086279 0.452675 1 0.121264 0.630562 1;
9635, 0.086279 0.452675 1 0.121264 0.630562 1;
9645, 0.087332 0.456416 1 0.121264 0.630562 1;
9655, 0.087858 0.458287 1 0.121264 0.630562 1;
9665, 0.088384 0.460157 1 0.121264 0.630562 1;
9675, 0.08891 0.462963 1 0.120414 0.629501 1;
9685, 0.089436 0.465769 1 0.120414 0.629501 1;
9695, 0.089962 0.468575 1 0.120414 0.629501 1;
9705, 0.089962 0.468575 1 0.120414 0.629501 1;
9715, 0.090488 0.474186 1 0.120414 0.629501 1;
9725, 0.09154 0.477927 1 0.120414 0.629501 1;
9735, 0.09154 0.477927 1 0.120414 0.629501 1;
9745, 0.092067 0.484474 1 0.120414 0.629501 1;
9755, 0.092593 0.486345 1 0.120414 0.629501 1;
9765, 0.093119 0.489151 1 0.120414 0.629501 1;
9775, 0.093645 0.495698 1 0.120414 0.629501 1;
9785, 0.094171 0.497568 1 0.120414 0.629501 1;
9795, 0.094697 0.502245 1 0.120414 0.629501 1;
9805, 0.094697 0.502245 1 0.120414 0.629501 1;
9815, 0.095223 0.508792 1 0.120414 0.629501 1;
9825, 0.095223 0.511597 1 0.120414 0.629501 1;
9835, 0.095749 0.513468 1 0.120414 0.629501 1;
9845, 0.095749 0.517209 1 0.120414 0.629501 1;
9855, 0.096275 0.521886 1 0.120414 0.629501 1;
9865, 0.096275 0.523756 1 0.120414 0.629501 1;
9875, 0.096275 0.523756 1 0.120414 0.629501 1;
9885, 0.096801 0.532174 1 0.120414 0.629501 1;
9895, 0.097327 0.534044 1 0.120414 0.629501 1;
9905, 0.097327 0.534044 1 0.120414 0.629501 1;
9915, 0.097327 0.540591 1 0.120414 0.629501 1;
9925, 0.097854 0.544332 1 0.120414 0.629501 1;
9935, 0.097854 0.544332 1 0.120414 0.629501 1;
9945, 0.09838 0.550879 1 0.120414 0.629501 1;
9955, 0.09838 0.55275 1 0.120414 0.629501 1;
9965, 0.09838 0.55462 1 0.120414 0.629501 1;
9975, 0.098906 0.563038 1 0.120414 0.629501 1;
9985, 0.098906 0.564908 1 0.120414 0.629501 1;
9995, 0.099432 0.566779 1 0.120414 0.629501 1;
10005, 0.099432 0.569585 1 0.120414 0.629501 1;
10015, 0.099958 0.576132 1 0.120414 0.629501 1;
10025, 0.099958 0.578002 1 0.120414 0.629501 1;
10035, 0.099958 0.581743 1 0.120414 0.629501 1;
10045, 0.100484 0.58642 1 0.120414 0.629501 1;
10055, 0.10101 0.590161 1 0.120414 0.629501 1;
10065, 0.10101 0.592031 1 0.120414 0.629501 1;
10075, 0.101536 0.595773 1 0.120414 0.628439 1;
10085, 0.102062 0.599514 1 0.120414 0.628439 1;
10095, 0.102062 0.601384 1 0.120414 0.628439 1;
10105, 0.102062 0.601384 1 0.120414 0.628439 1;
10115, 0.102588 0.606061 1 0.120414 0.628439 1;
10125, 0.102588 0.609802 1 0.120414 0.628439 1;
10135, 0.102588 0.610737 1 0.120414 0.628439 1;
10145, 0.102588 0.612608 1 0.120414 0.628439 1;
10155, 0.103114 0.614478 1 0.120414 0.628439 1;
10165, 0.103114 0.616349 1 0.120414 0.628439 1;
10175, 0.103114 0.617284 1 0.120414 0.628439 1;
10185, 0.103114 0.619155 1 0.120414 0.628439 1;
10195, 0.103114 0.62009 1 0.120414 0.627378 1;
10205, 0.103114 0.62009 1 0.120414 0.627378 1;
10215, 0.103114 0.62009 1 0.120414 0.627378 1;
10225, 0.103114 0.62009 1 0.120414 0.627378 1;
10235, 0.103114 0.62009 1 0.119565 0.627378 1;
10245, 0.103114 0.62009 1 0.119565 0.627378 1;
10255, 0.103114 0.62009 1 0.119565 0.625255 1;
10265, 0.103114 0.62009 1 0.118716 0.624193 1;
10275, 0.103114 0.62009 1 0.118716 0.623132 1;
10285, 0.103114 0.62009 1 0.118716 0.623132 1;
10295, 0.103114 0.62009 1 0.117867 0.62207 1;
10305, 0.103114 0.62009 1 0.117867 0.62207 1;
10315, 0.103114 0.62009 1 0.117867 0.621009 1;
10325, 0.103114 0.62009 1 0.117018 0.619947 1;
10335, 0.103114 0.62009 1 0.117018 0.619947 1;
10345, 0.103114 0.62009 1 0.117018 0.619947 1;
10355, 0.103114 0.62009 1 0.115319 0.615701 1;
10365, 0.103114 0.62009 1 0.115319 0.615701 1;
10375, 0.103114 0.62009 1 0.11447 0.613578 1;
10385, 0.103114 0.62009 1 0.11447 0.613578 1;
10395, 0.103114 0.62009 1 0.11447 0.612517 1;
10405, 0.103114 0.62009 1 0.11447 0.612517 1;
10415, 0.103114 0.62009 1 0.113621 0.609333 1;
10425, 0.103114 0.62009 1 0.113621 0.609333 1;
10435, 0.103114 0.62009 1 0.112772 0.608271 1;
10445, 0.103114 0.62009 1 0.112772 0.60721 1;
10455, 0.103114 0.62009 1 0.111923 0.606148 1;
10465, 0.103114 0.62009 1 0.111923 0.605087 1;
10475, 0.103114 0.62009 1 0.111073 0.604025 1;
10485, 0.103114 0.62009 1 0.111073 0.604025 1;
10495, 0.103114 0.62009 1 0.111073 0.602964 1;
10505, 0.103114 0.62009 1 0.111073 0.602964 1;
10515, 0.103114 0.62009 1 0.111073 0.600841 1;
10525, 0.103114 0.62009 1 0.110224 0.599779 1;
10535, 0.103114 0.62009 1 0.110224 0.599779 1;
10545, 0.103641 0.619155 1 0.110224 0.598718 1;
10555, 0.103641 0.619155 1 0.109375 0.597656 1;
10565, 0.103641 0.619155 1 0.109375 0.596595 1;
10575, 0.103641 0.619155 1 0.109375 0.596595 1;
10585, 0.103641 0.619155 1 0.107677 0.594472 1;
10595, 0.103641 0.619155 1 0.107677 0.594472 1;
10605, 0.103641 0.619155 1 0.107677 0.59341 1;
10615, 0.103114 0.618219 1 0.107677 0.591287 1;
10625, 0.103114 0.618219 1 0.106827 0.590226 1;
10635, 0.103114 0.618219 1 0.106827 0.590226 1;
10645, 0.103114 0.618219 1 0.106827 0.589164 1;
10655, 0.103114 0.618219 1 0.105978 0.58598 1;
10665, 0.103114 0.618219 1 0.105978 0.584918 1;
10675, 0.103114 0.618219 1 0.105978 0.583857 1;
10685, 0.102588 0.617284 1 0.105978 0.583857 1;
10695, 0.102588 0.617284 1 0.105129 0.581734 1;
10705, 0.102588 0.617284 1 0.105129 0.581734 1;
10715, 0.102588 0.617284 1 0.105129 0.580673 1;
10725, 0.102588 0.617284 1 0.105129 0.580673 1;
10735, 0.102588 0.617284 1 0.105129 0.579611 1;
10745, 0.102588 0.617284 1 0.105129 0.579611 1;
10755, 0.102062 0.616349 1 0.105129 0.579611 1;
10765, 0.102062 0.616349 1 0.105129 0.579611 1;
10775, 0.102062 0.616349 1 0.105129 0.579611 1;
10785, 0.101536 0.615413 1 0.105129 0.57855 1;
10795, 0.101536 0.615413 1 0.105129 0.57855 1;
10805, 0.101536 0.615413 1 0.105129 0.57855 1;
10815, 0.10101 0.614478 1 0.105129 0.57855 1;
10825, 0.10101 0.614478 1 0.105129 0.57855 1;
10835, 0.10101 0.614478 1 0.105129 0.57855 1;
10845, 0.10101 0.614478 1 0.105129 0.57855 1;
10855, 0.100484 0.613543 1 0.105129 0.57855 1;
10865, 0.100484 0.613543 1 0.105129 0.57855 1;
10875, 0.100484 0.613543 1 0.105129 0.57855 1;
10885, 0.100484 0.613543 1 0.105129 0.57855 1;
10895, 0.099432 0.612608 1 0.105129 0.57855 1;
10905, 0.099432 0.612608 1 0.105129 0.57855 1;
10915, 0.099432 0.612608 1 0.105129 0.57855 1;
10925, 0.099432 0.612608 1 0.105129 0.57855 1;
10935, 0.099432 0.612608 1 0.105129 0.57855 1;
10945, 0.098906 0.611672 1 0.105129 0.57855 1;
10955, 0.098906 0.611672 1 0.105129 0.57855 1;
10965, 0.098906 0.611672 1 0.105129 0.57855 1;
10975, 0.098906 0.611672 1 0.105129 0.57855 1;
10985, 0.09838 0.610737 1 0.105129 0.57855 1;
10995, 0.09838 0.610737 1 0.105129 0.57855 1;
11005, 0.09838 0.610737 1 0.105129 0.57855 1;
11015, 0.09838 0.608866 1 0.105129 0.57855 1;
11025, 0.09838 0.608866 1 0.105129 0.57855 1;
11035, 0.09838 0.608866 1 0.105129 0.57855 1;
11045, 0.09838 0.607931 1 0.105129 0.57855 1;
11055, 0.097854 0.606996 1 0.105129 0.57855 1;
11065, 0.097854 0.606996 1 0.105129 0.57855 1;
11075, 0.097327 0.606061 1 0.105129 0.577488 1;
11085, 0.097327 0.606061 1 0.105129 0.577488 1;
11095, 0.097327 0.60419 1 0.105129 0.577488 1;
11105, 0.097327 0.60419 1 0.105129 0.577488 1;
11115, 0.096801 0.601384 1 0.105129 0.577488 1;
11125, 0.096275 0.600449 1 0.105129 0.577488 1;
11135, 0.096275 0.600449 1 0.105129 0.577488 1;
11145, 0.095749 0.597643 1 0.105129 0.577488 1;
11155, 0.095749 0.595773 1 0.105129 0.577488 1;
11165, 0.095223 0.592967 1 0.105129 0.577488 1;
11175, 0.095223 0.592967 1 0.105129 0.577488 1;
11185, 0.094697 0.58829 1 0.105129 0.577488 1;
11195, 0.094697 0.58642 1 0.105129 0.577488 1;
11205, 0.094697 0.583614 1 0.105129 0.577488 1;
11215, 0.094171 0.578938 1 0.105129 0.577488 1;
11225, 0.094171 0.578938 1 0.105129 0.577488 1;
11235, 0.093119 0.569585 1 0.105129 0.577488 1;
11245, 0.092593 0.566779 1 0.105129 0.577488 1;
11255, 0.092593 0.563973 1 0.105129 0.577488 1;
11265, 0.092067 0.559297 1 0.105129 0.577488 1;
11275, 0.09154 0.553685 1 0.105129 0.577488 1;
11285, 0.091014 0.550879 1 0.105129 0.577488 1;
11295, 0.090488 0.544332 1 0.105129 0.577488 1;
11305, 0.090488 0.540591 1 0.105129 0.577488 1;
11315, 0.090488 0.534044 1 0.105129 0.577488 1;
11325, 0.090488 0.534044 1 0.105129 0.577488 1;
11335, 0.089962 0.522821 1 0.105129 0.577488 1;
11345, 0.089436 0.514403 1 0.105129 0.577488 1;
11355, 0.089436 0.514403 1 0.105129 0.577488 1;
11365, 0.08891 0.502245 1 0.105129 0.577488 1;
11375, 0.08891 0.497568 1 0.105978 0.577488 1;
11385, 0.08891 0.493827 1 0.105978 0.577488 1;
11395, 0.088384 0.486345 1 0.105978 0.577488 1;
11405, 0.087858 0.477927 1 0.105978 0.577488 1;
11415, 0.087858 0.475122 1 0.105978 0.577488 1;
11425, 0.087858 0.475122 1 0.105978 0.577488 1;
11435, 0.087332 0.461092 1 0.105978 0.577488 1;
11445, 0.087332 0.458287 1 0.105978 0.577488 1;
11455, 0.087332 0.455481 1 0.105978 0.577488 1;
11465, 0.087332 0.448934 1 0.105978 0.577488 1;
11475, 0.087858 0.442387 1 0.105978 0.577488 1;
11485, 0.087858 0.438646 1 0.105978 0.577488 1;
11495, 0.088384 0.433034 1 0.105978 0.577488 1;
11505, 0.088384 0.429293 1 0.105978 0.577488 1;
11515, 0.088384 0.422746 1 0.105978 0.577488 1;
11525, 0.08891 0.416199 1 0.105978 0.577488 1;
11535, 0.08891 0.412458 1 0.105978 0.577488 1;
11545, 0.08891 0.408717 1 0.105978 0.577488 1;
11555, 0.08891 0.404976 1 0.105978 0.577488 1;
11565, 0.08891 0.397493 1 0.105978 0.577488 1;
11575, 0.089436 0.390947 1 0.105978 0.577488 1;
11585, 0.089436 0.388141 1 0.105978 0.577488 1;
11595, 0.089436 0.382529 1 0.105978 0.577488 1;
11605, 0.089436 0.380658 1 0.105978 0.577488 1;
11615, 0.089436 0.376917 1 0.105978 0.577488 1;
11625, 0.089436 0.376917 1 0.105978 0.577488 1;
11635, 0.089436 0.372241 1 0.105978 0.577488 1;
11645, 0.089436 0.37037 1 0.105978 0.577488 1;
11655, 0.089436 0.3685 1 0.105978 0.577488 1;
11665, 0.089962 0.367565 1 0.106827 0.577488 1;
11675, 0.089962 0.363823 1 0.106827 0.577488 1;
11685, 0.089962 0.363823 1 0.106827 0.577488 1;
11695, 0.090488 0.361018 1 0.106827 0.577488 1;
11705, 0.090488 0.361018 1 0.106827 0.577488 1;
11715, 0.090488 0.359147 1 0.106827 0.577488 1;
11725, 0.090488 0.359147 1 0.106827 0.577488 1;
11735, 0.090488 0.357276 1 0.106827 0.577488 1;
11745, 0.090488 0.355406 1 0.106827 0.577488 1;
11755, 0.090488 0.355406 1 0.106827 0.577488 1;
11765, 0.090488 0.355406 1 0.106827 0.577488 1;
11775, 0.090488 0.355406 1 0. 0. 0;
11785, 0.090488 0.355406 1 0. 0. 0;
11795, 0. 0. 0 0. 0. 0;
11805, 0. 0. 0 0. 0. 0;
11815, 0. 0. 0 0. 0. 0;
11825, 0. 0. 0 0. 0. 0;
11835, 0. 0. 0 0. 0. 0;
11845, 0. 0. 0 0. 0. 0;
11855, 0. 0. 0 0. 0. 0;
11865, 0. 0. 0 0. 0. 0;
11875, 0. 0. 0 0. 0. 0;
11885, 0. 0. 0 0. 0. 0;
11895, 0. 0. 0 0. 0. 0;
11905, 0. 0. 0 0. 0. 0;
11915, 0. 0. 0 0. 0. 0;
11925, 0. 0. 0 0. 0. 0;
11935, 0. 0. 0 0. 0. 0;
11945, 0. 0. 0 0. 0. 0;
11955, 0. 0. 0 0. 0. 0;
11965, 0. 0. 0 0. 0. 0;
11975, 0. 0. 0 0. 0. 0;
11985, 0. 0. 0 0. 0. 0;
11995, 0. 0. 0 0. 0. 0;
12005, 0. 0. 0 0. 0. 0;
12015, 0. 0. 0 0. 0. 0;
12025, 0. 0. 0 0. 0. 0;
12035, 0. 0. 0 0. 0. 0;
12045, 0. 0. 0 0. 0. 0;
12055, 0. 0. 0 0. 0. 0;
12065, 0. 0. 0 0. 0. 0;
12075, 0. 0. 0 0. 0. 0;
12085, 0. 0. 0 0. 0. 0;
12095, 0. 0. 0 0. 0. 0;
12105, 0. 0. 0 0. 0. 0;
12115, 0. 0. 0 0. 0. 0;
12125, 0. 0. 0 0. 0. 0;
12135, 0. 0. 0 0. 0. 0;
12145, 0. 0. 0 0. 0. 0;
12155, 0. 0. 0 0. 0. 0;
12165, 0. 0. 0 0. 0. 0;
12175, 0. 0. 0 0. 0. 0;
12185, 0. 0. 0 0. 0. 0;
12195, 0. 0. 0 0. 0. 0;
12205, 0. 0. 0 0. 0. 0;
12215, 0. 0. 0 0. 0. 0;
12225, 0. 0. 0 0. 0. 0;
12235, 0. 0. 0 0. 0. 0;
12245, 0. 0. 0 0. 0. 0;
12255, 0. 0. 0 0. 0. 0;
12265, 0. 0. 0 0. 0. 0;
12275, 0. 0. 0 0. 0. 0;
12285, 0. 0. 0 0. 0. 0;
12295, 0. 0. 0 0. 0. 0;
12305, 0. 0. 0 0. 0. 0;
12315, 0. 0. 0 0. 0. 0;
12325, 0. 0. 0 0. 0. 0;
12335, 0. 0. 0 0. 0. 0;
12345, 0. 0. 0 0. 0. 0;
12355, 0. 0. 0 0. 0. 0;
12365, 0. 0. 0 0. 0. 0;
12375, 0. 0. 0 0. 0. 0;
12385, 0. 0. 0 0. 0. 0;
12395, 0. 0. 0 0. 0. 0;
12405, 0. 0. 0 0. 0. 0;
12415, 0. 0. 0 0. 0. 0;
12425, 0. 0. 0 0. 0. 0;
12435, 0. 0. 0 0. 0. 0;
12445, 0. 0. 0 0. 0. 0;
12455, 0. 0. 0 0. 0. 0;
12465, 0. 0. 0 0. 0. 0;
12475, 0. 0. 0 0. 0. 0;
12485, 0. 0. 0 0. 0. 0;
12495, 0. 0. 0 0. 0. 0;
12505, 0. 0. 0 0. 0. 0;
12515, 0. 0. 0 0. 0. 0;
12525, 0. 0. 0 0. 0. 0;
12535, 0. 0. 0 0. 0. 0;
12545, 0. 0. 0 0. 0. 0;
12555, 0. 0. 0 0. 0. 0;
12565, 0. 0. 0 0. 0. 0;
12575, 0. 0. 0 0. 0. 0;
12585, 0. 0. 0 0. 0. 0;
12595, 0. 0. 0 0. 0. 0;
12605, 0. 0. 0 0. 0. 0;
12615, 0. 0. 0 0. 0. 0;
12625, 0. 0. 0 0. 0. 0;
12635, 0. 0. 0 0. 0. 0;
12645, 0. 0. 0 0. 0. 0;
12655, 0. 0. 0 0. 0. 0;
12665, 0. 0. 0 0. 0. 0;
12675, 0. 0. 0 0. 0. 0;
12685, 0. 0. 0 0. 0. 0;
12695, 0. 0. 0 0. 0. 0;
12705, 0. 0. 0 0. 0. 0;
12715, 0. 0. 0 0. 0. 0;
12725, 0. 0. 0 0. 0. 0;
12735, 0. 0. 0 0. 0. 0;
12745, 0. 0. 0 0. 0. 0;
12755, 0. 0. 0 0. 0. 0;
12765, 0. 0. 0 0. 0. 0;
12775, 0. 0. 0 0. 0. 0;
12785, 0. 0. 0 0. 0. 0;
12795, 0. 0. 0 0. 0. 0;
12805, 0. 0. 0 0. 0. 0;
12815, 0. 0. 0 0. 0. 0;
12825, 0. 0. 0 0. 0. 0;
12835, 0. 0. 0 0. 0. 0;
12845, 0. 0. 0 0. 0. 0;
12855, 0. 0. 0 0. 0. 0;
12865, 0. 0. 0 0. 0. 0;
12875, 0. 0. 0 0. 0. 0;
12885, 0. 0. 0 0. 0. 0;
12895, 0. 0. 0 0. 0. 0;
12905, 0. 0. 0 0. 0. 0;
12915, 0. 0. 0 0. 0. 0;
12925, 0. 0. 0 0. 0. 0;
12935, 0. 0. 0 0. 0. 0;
12945, 0. 0. 0 0. 0. 0;
12955, 0. 0. 0 0. 0. 0;
12965, 0. 0. 0 0. 0. 0;
12975, 0. 0. 0 0. 0. 0;
12985, 0. 0. 0 0. 0. 0;
12995, 0. 0. 0 0. 0. 0;
13005, 0. 0. 0 0. 0. 0;
13015, 0. 0. 0 0. 0. 0;
13025, 0. 0. 0 0. 0. 0;
13035, 0. 0. 0 0. 0. 0;
13045, 0. 0. 0 0. 0. 0;
13055, 0. 0. 0 0. 0. 0;
13065, 0. 0. 0 0. 0. 0;
13075, 0. 0. 0 0. 0. 0;
13085, 0. 0. 0 0. 0. 0;
13095, 0. 0. 0 0. 0. 0;
13105, 0. 0. 0 0. 0. 0;
13115, 0. 0. 0 0. 0. 0;
13125, 0. 0. 0 0. 0. 0;
13135, 0. 0. 0 0. 0. 0;
13145, 0. 0. 0 0. 0. 0;
13155, 0. 0. 0 0. 0. 0;
13165, 0. 0. 0 0. 0. 0;
13175, 0. 0. 0 0. 0. 0;
13185, 0. 0. 0 0. 0. 0;
13195, 0. 0. 0 0. 0. 0;
13205, 0. 0. 0 0. 0. 0;
13215, 0. 0. 0 0. 0. 0;
13225, 0. 0. 0 0. 0. 0;
13235, 0. 0. 0 0. 0. 0;
13245, 0. 0. 0 0. 0. 0;
13255, 0. 0. 0 0. 0. 0;
13265, 0. 0. 0 0. 0. 0;
13275, 0. 0. 0 0. 0. 0;
13285, 0. 0. 0 0. 0. 0;
13295, 0. 0. 0 0. 0. 0;
13305, 0. 0. 0 0. 0. 0;
13315, 0. 0. 0 0. 0. 0;
13325, 0. 0. 0 0. 0. 0;
13335, 0. 0. 0 0. 0. 0;
13345, 0. 0. 0 0. 0. 0;
13355, 0. 0. 0 0. 0. 0;
13365, 0. 0. 0 0. 0. 0;
13375, 0. 0. 0 0. 0. 0;
13385, 0. 0. 0 0. 0. 0;
13395, 0. 0. 0 0. 0. 0;
13405, 0. 0. 0 0. 0. 0;
13415, 0. 0. 0 0. 0. 0;
13425, 0. 0. 0 0. 0. 0;
13435, 0. 0. 0 0. 0. 0;
13445, 0. 0. 0 0. 0. 0;
13455, 0. 0. 0 0. 0. 0;
13465, 0. 0. 0 0. 0. 0;
13475, 0. 0. 0 0. 0. 0;
13485, 0. 0. 0 0. 0. 0;
13495, 0. 0. 0 0. 0. 0;
13505, 0. 0. 0 0. 0. 0;
13515, 0. 0. 0 0. 0. 0;
13525, 0. 0. 0 0. 0. 0;
13535, 0. 0. 0 0. 0. 0;
13545, 0. 0. 0 0. 0. 0;
13555, 0. 0. 0 0. 0. 0;
13565, 0. 0. 0 0. 0. 0;
13575, 0. 0. 0 0. 0. 0;
13585, 0. 0. 0 0. 0. 0;
13595, 0. 0. 0 0. 0. 0;
13605, 0. 0. 0 0. 0. 0;
13615, 0. 0. 0 0. 0. 0;
13625, 0. 0. 0 0. 0. 0;
13635, 0. 0. 0 0. 0. 0;
13645, 0. 0. 0 0. 0. 0;
13655, 0. 0. 0 0. 0. 0;
13665, 0. 0. 0 0. 0. 0;
13675, 0. 0. 0 0. 0. 0;
13685, 0. 0. 0 0. 0. 0;
13695, 0. 0. 0 0. 0. 0;
13705, 0. 0. 0 0. 0. 0;
13715, 0. 0. 0 0. 0. 0;
13725, 0. 0. 0 0. 0. 0;
13735, 0. 0. 0 0. 0. 0;
13745, 0. 0. 0 0. 0. 0;
13755, 0. 0. 0 0. 0. 0;
13765, 0. 0. 0 0. 0. 0;
13775, 0. 0. 0 0. 0. 0;
13785, 0. 0. 0 0. 0. 0;
13795, 0. 0. 0 0. 0. 0;
13805, 0. 0. 0 0. 0. 0;
13815, 0. 0. 0 0. 0. 0;
13825, 0. 0. 0 0. 0. 0;
13835, 0. 0. 0 0. 0. 0;
13845, 0. 0. 0 0. 0. 0;
13855, 0. 0. 0 0. 0. 0;
13865, 0. 0. 0 0. 0. 0;
13875, 0. 0. 0 0. 0. 0;
13885, 0. 0. 0 0. 0. 0;
13895, 0. 0. 0 0. 0. 0;
13905, 0. 0. 0 0. 0. 0;
13915, 0. 0. 0 0. 0. 0;
13925, 0. 0. 0 0. 0. 0;
13935, 0. 0. 0 0. 0. 0;
13945, 0. 0. 0 0. 0. 0;
13955, 0. 0. 0 0. 0. 0;
13965, 0. 0. 0 0. 0. 0;
13975, 0. 0. 0 0. 0. 0;
13985, 0. 0. 0 0. 0. 0;
13995, 0. 0. 0 0. 0. 0;
14005, 0. 0. 0 0. 0. 0;
14015, 0. 0. 0 0. 0. 0;
14025, 0. 0. 0 0. 0. 0;
14035, 0. 0. 0 0. 0. 0;
14045, 0. 0. 0 0. 0. 0;
14055, 0. 0. 0 0. 0. 0;
14065, 0. 0. 0 0. 0. 0;
14075, 0. 0. 0 0. 0. 0;
14085, 0. 0. 0 0. 0. 0;
14095, 0. 0. 0 0. 0. 0;
14105, 0. 0. 0 0. 0. 0;
14115, 0. 0. 0 0. 0. 0;
14125, 0. 0. 0 0. 0. 0;
14135, 0. 0. 0 0. 0. 0;
14145, 0. 0. 0 0. 0. 0;
14155, 0. 0. 0 0. 0. 0;
14165, 0. 0. 0 0. 0. 0;
14175, 0. 0. 0 0. 0. 0;
14185, 0. 0. 0 0. 0. 0;
14195, 0. 0. 0 0. 0. 0;
14205, 0. 0. 0 0. 0. 0;
14215, 0. 0. 0 0. 0. 0;
14225, 0. 0. 0 0. 0. 0;
14235, 0. 0. 0 0. 0. 0;
14245, 0. 0. 0 0. 0. 0;
14255, 0. 0. 0 0. 0. 0;
14265, 0. 0. 0 0. 0. 0;
14275, 0. 0. 0 0. 0. 0;
14285, 0. 0. 0 0. 0. 0;
14295, 0. 0. 0 0. 0. 0;
14305, 0. 0. 0 0. 0. 0;
14315, 0. 0. 0 0. 0. 0;
14325, 0. 0. 0 0. 0. 0;
14335, 0. 0. 0 0. 0. 0;
14345, 0. 0. 0 0. 0. 0;
14355, 0. 0. 0 0. 0. 0;
14365, 0. 0. 0 0. 0. 0;
14375, 0. 0. 0 0. 0. 0;
14385, 0. 0. 0 0. 0. 0;
14395, 0. 0. 0 0. 0. 0;
14405, 0. 0. 0 0. 0. 0;
14415, 0. 0. 0 0. 0. 0;
14425, 0. 0. 0 0. 0. 0;
14435, 0. 0. 0 0. 0. 0;
14445, 0. 0. 0 0. 0. 0;
14455, 0. 0. 0 0. 0. 0;
14465, 0. 0. 0 0. 0. 0;
14475, 0. 0. 0 0. 0. 0;
14485, 0. 0. 0 0. 0. 0;
14495, 0. 0. 0 0. 0. 0;
14505, 0. 0. 0 0. 0. 0;
14515, 0. 0. 0 0. 0. 0;
14525, 0. 0. 0 0. 0. 0;
14535, 0. 0. 0 0. 0. 0;
14545, 0. 0. 0 0. 0. 0;
14555, 0. 0. 0 0. 0. 0;
14565, 0. 0. 0 0. 0. 0;
14575, 0. 0. 0 0. 0. 0;
14585, 0. 0. 0 0. 0. 0;
14595, 0. 0. 0 0. 0. 0;
14605, 0. 0. 0 0. 0. 0;
14615, 0. 0. 0 0. 0. 0;
14625, 0. 0. 0 0. 0. 0;
14635, 0. 0. 0 0. 0. 0;
14645, 0. 0. 0 0. 0. 0;
14655, 0. 0. 0 0. 0. 0;
14665, 0. 0. 0 0. 0. 0;
14675, 0. 0. 0 0. 0. 0;
14685, 0. 0. 0 0. 0. 0;
14695, 0. 0. 0 0. 0. 0;
14705, 0. 0. 0 0. 0. 0;
14715, 0. 0. 0 0. 0. 0;
14725, 0. 0. 0 0. 0. 0;
14735, 0. 0. 0 0. 0. 0;
14745, 0. 0. 0 0. 0. 0;
14755, 0. 0. 0 0. 0. 0;
14765, 0. 0. 0 0. 0. 0;
14775, 0. 0. 0 0. 0. 0;
14785, 0. 0. 0 0. 0. 0;
14795, 0. 0. 0 0. 0. 0;
14805, 0. 0. 0 0. 0. 0;
14815, 0. 0. 0 0. 0. 0;
14825, 0. 0. 0 0. 0. 0;
14835, 0. 0. 0 0. 0. 0;
14845, 0. 0. 0 0. 0. 0;
14855, 0. 0. 0 0. 0. 0;
14865, 0. 0. 0 0. 0. 0;
14875, 0. 0. 0 0. 0. 0;
14885, 0. 0. 0 0. 0. 0;
14895, 0. 0. 0 0. 0. 0;
14905, 0. 0. 0 0. 0. 0;
14915, 0. 0. 0 0. 0. 0;
14925, 0. 0. 0 0. 0. 0;
14935, 0. 0. 0 0. 0. 0;
14945, 0. 0. 0 0. 0. 0;
14955, 0. 0. 0 0. 0. 0;
14965, 0. 0. 0 0. 0. 0;
14975, 0. 0. 0 0. 0. 0;
14985, 0. 0. 0 0. 0. 0;
14995, 0. 0. 0 0. 0. 0;
15005, 0. 0. 0 0. 0. 0;
15015, 0. 0. 0 0. 0. 0;
15025, 0. 0. 0 0. 0. 0;
15035, 0. 0. 0 0. 0. 0;
15045, 0. 0. 0 0. 0. 0;
15055, 0. 0. 0 0. 0. 0;
15065, 0. 0. 0 0. 0. 0;
15075, 0. 0. 0 0. 0. 0;
15085, 0. 0. 0 0. 0. 0;
15095, 0. 0. 0 0. 0. 0;
15105, 0. 0. 0 0. 0. 0;
15115, 0. 0. 0 0. 0. 0;
15125, 0. 0. 0 0. 0. 0;
15135, 0. 0. 0 0. 0. 0;
15145, 0. 0. 0 0. 0. 0;
15155, 0. 0. 0 0. 0. 0;
15165, 0. 0. 0 0. 0. 0;
15175, 0. 0. 0 0. 0. 0;
15185, 0. 0. 0 0. 0. 0;
15195, 0. 0. 0 0. 0. 0;
15205, 0. 0. 0 0. 0. 0;
15215, 0. 0. 0 0. 0. 0;
15225, 0. 0. 0 0. 0. 0;
15235, 0. 0. 0 0. 0. 0;
15245, 0. 0. 0 0. 0. 0;
15255, 0. 0. 0 0. 0. 0;
15265, 0. 0. 0 0. 0. 0;
15275, 0. 0. 0 0. 0. 0;
15285, 0. 0. 0 0. 0. 0;
15295, 0. 0. 0 0. 0. 0;
15305, 0. 0. 0 0. 0. 0;
15315, 0. 0. 0 0. 0. 0;
15325, 0. 0. 0 0. 0. 0;
15335, 0. 0. 0 0. 0. 0;
15345, 0. 0. 0 0. 0. 0;
15355, 0. 0. 0 0. 0. 0;
15365, 0. 0. 0 0. 0. 0;
15375, 0. 0. 0 0. 0. 0;
15385, 0. 0. 0 0. 0. 0;
15395, 0. 0. 0 0. 0. 0;
15405, 0. 0. 0 0. 0. 0;
15415, 0. 0. 0 0. 0. 0;
15425, 0. 0. 0 0. 0. 0;
15435, 0. 0. 0 0. 0. 0;
15445, 0. 0. 0 0. 0. 0;
15455, 0. 0. 0 0. 0. 0;
15465, 0. 0. 0 0. 0. 0;
15475, 0. 0. 0 0. 0. 0;
15485, 0. 0. 0 0. 0. 0;
15495, 0. 0. 0 0. 0. 0;
15505, 0. 0. 0 0. 0. 0;
15515, 0. 0. 0 0. 0. 0;
15525, 0. 0. 0 0. 0. 0;
15535, 0. 0. 0 0. 0. 0;
15545, 0. 0. 0 0. 0. 0;
15555, 0. 0. 0 0. 0. 0;
15565, 0. 0. 0 0. 0. 0;
15575, 0. 0. 0 0. 0. 0;
15585, 0. 0. 0 0. 0. 0;
15595, 0. 0. 0 0. 0. 0;
15605, 0. 0. 0 0. 0. 0;
15615, 0. 0. 0 0. 0. 0;
15625, 0. 0. 0 0. 0. 0;
15635, 0. 0. 0 0. 0. 0;
15645, 0. 0. 0 0. 0. 0;
15655, 0. 0. 0 0. 0. 0;
15665, 0. 0. 0 0. 0. 0;
15675, 0. 0. 0 0. 0. 0;
15685, 0. 0. 0 0. 0. 0;
15695, 0. 0. 0 0. 0. 0;
15705, 0. 0. 0 0. 0. 0;
15715, 0. 0. 0 0. 0. 0;
15725, 0. 0. 0 0. 0. 0;
15735, 0. 0. 0 0. 0. 0;
15745, 0. 0. 0 0. 0. 0;
15755, 0. 0. 0 0. 0. 0;
15765, 0. 0. 0 0. 0. 0;
15775, 0. 0. 0 0. 0. 0;
15785, 0. 0. 0 0. 0. 0;
15795, 0. 0. 0 0. 0. 0;
15805, 0. 0. 0 0. 0. 0;
15815, 0. 0. 0 0. 0. 0;
15825, 0. 0. 0 0. 0. 0;
15835, 0. 0. 0 0. 0. 0;
15845, 0. 0. 0 0. 0. 0;
15855, 0. 0. 0 0. 0. 0;
