0, 0. 0. 0 0. 0. 0;
10, 0. 0. 0 0. 0. 0;
20, 0. 0. 0 0. 0. 0;
30, 0. 0. 0 0. 0. 0;
40, 0. 0. 0 0. 0. 0;
50, 0. 0. 0 0. 0. 0;
60, 0. 0. 0 0. 0. 0;
70, 0. 0. 0 0. 0. 0;
80, 0. 0. 0 0. 0. 0;
90, 0. 0. 0 0. 0. 0;
100, 0. 0. 0 0. 0. 0;
110, 0. 0. 0 0. 0. 0;
120, 0. 0. 0 0. 0. 0;
130, 0. 0. 0 0. 0. 0;
140, 0. 0. 0 0. 0. 0;
150, 0. 0. 0 0. 0. 0;
160, 0. 0. 0 0. 0. 0;
170, 0. 0. 0 0. 0. 0;
180, 0. 0. 0 0. 0. 0;
190, 0. 0. 0 0. 0. 0;
200, 0. 0. 0 0. 0. 0;
210, 0. 0. 0 0. 0. 0;
220, 0. 0. 0 0. 0. 0;
230, 0. 0. 0 0. 0. 0;
240, 0. 0. 0 0. 0. 0;
250, 0. 0. 0 0. 0. 0;
260, 0. 0. 0 0. 0. 0;
270, 0. 0. 0 0. 0. 0;
280, 0. 0. 0 0. 0. 0;
290, 0. 0. 0 0. 0. 0;
300, 0. 0. 0 0. 0. 0;
310, 0. 0. 0 0. 0. 0;
320, 0. 0. 0 0. 0. 0;
330, 0. 0. 0 0. 0. 0;
340, 0. 0. 0 0. 0. 0;
350, 0. 0. 0 0. 0. 0;
360, 0. 0. 0 0. 0. 0;
370, 0. 0. 0 0. 0. 0;
380, 0. 0. 0 0. 0. 0;
390, 0. 0. 0 0. 0. 0;
400, 0. 0. 0 0. 0. 0;
410, 0. 0. 0 0. 0. 0;
420, 0. 0. 0 0. 0. 0;
430, 0. 0. 0 0. 0. 0;
440, 0. 0. 0 0. 0. 0;
450, 0. 0. 0 0. 0. 0;
460, 0. 0. 0 0. 0. 0;
470, 0. 0. 0 0. 0. 0;
480, 0. 0. 0 0. 0. 0;
490, 0. 0. 0 0. 0. 0;
500, 0. 0. 0 0. 0. 0;
510, 0. 0. 0 0. 0. 0;
520, 0. 0. 0 0. 0. 0;
530, 0. 0. 0 0. 0. 0;
540, 0. 0. 0 0. 0. 0;
550, 0. 0. 0 0. 0. 0;
560, 0. 0. 0 0. 0. 0;
570, 0. 0. 0 0. 0. 0;
580, 0. 0. 0 0. 0. 0;
590, 0. 0. 0 0. 0. 0;
600, 0. 0. 0 0. 0. 0;
610, 0. 0. 0 0. 0. 0;
620, 0. 0. 0 0. 0. 0;
630, 0. 0. 0 0. 0. 0;
640, 0. 0. 0 0. 0. 0;
650, 0. 0. 0 0. 0. 0;
660, 0. 0. 0 0. 0. 0;
670, 0. 0. 0 0. 0. 0;
680, 0. 0. 0 0. 0. 0;
690, 0. 0. 0 0. 0. 0;
700, 0. 0. 0 0. 0. 0;
710, 0. 0. 0 0. 0. 0;
720, 0. 0. 0 0. 0. 0;
730, 0. 0. 0 0. 0. 0;
740, 0. 0. 0 0. 0. 0;
750, 0. 0. 0 0. 0. 0;
760, 0. 0. 0 0. 0. 0;
770, 0. 0. 0 0. 0. 0;
780, 0. 0. 0 0. 0. 0;
790, 0. 0. 0 0. 0. 0;
800, 0. 0. 0 0. 0. 0;
810, 0. 0. 0 0. 0. 0;
820, 0. 0. 0 0. 0. 0;
830, 0. 0. 0 0. 0. 0;
840, 0. 0. 0 0. 0. 0;
850, 0. 0. 0 0. 0. 0;
860, 0. 0. 0 0. 0. 0;
870, 0. 0. 0 0. 0. 0;
880, 0. 0. 0 0. 0. 0;
890, 0. 0. 0 0. 0. 0;
900, 0. 0. 0 0. 0. 0;
910, 0. 0. 0 0. 0. 0;
920, 0. 0. 0 0. 0. 0;
930, 0. 0. 0 0. 0. 0;
940, 0. 0. 0 0. 0. 0;
950, 0. 0. 0 0. 0. 0;
960, 0. 0. 0 0. 0. 0;
970, 0. 0. 0 0. 0. 0;
980, 0. 0. 0 0. 0. 0;
990, 0. 0. 0 0. 0. 0;
1000, 0. 0. 0 0. 0. 0;
1010, 0. 0. 0 0. 0. 0;
1020, 0. 0. 0 0. 0. 0;
1030, 0. 0. 0 0. 0. 0;
1040, 0. 0. 0 0. 0. 0;
1050, 0. 0. 0 0. 0. 0;
1060, 0. 0. 0 0. 0. 0;
1070, 0. 0. 0 0. 0. 0;
1080, 0. 0. 0 0. 0. 0;
1090, 0. 0. 0 0. 0. 0;
1100, 0. 0. 0 0. 0. 0;
1110, 0. 0. 0 0. 0. 0;
1120, 0. 0. 0 0. 0. 0;
1130, 0. 0. 0 0. 0. 0;
1140, 0. 0. 0 0. 0. 0;
1150, 0. 0. 0 0. 0. 0;
1160, 0. 0. 0 0. 0. 0;
1170, 0. 0. 0 0. 0. 0;
1180, 0. 0. 0 0. 0. 0;
1190, 0. 0. 0 0. 0. 0;
1200, 0. 0. 0 0. 0. 0;
1210, 0. 0. 0 0. 0. 0;
1220, 0. 0. 0 0. 0. 0;
1230, 0. 0. 0 0. 0. 0;
1240, 0. 0. 0 0. 0. 0;
1250, 0. 0. 0 0. 0. 0;
1260, 0. 0. 0 0. 0. 0;
1270, 0. 0. 0 0. 0. 0;
1280, 0. 0. 0 0. 0. 0;
1290, 0. 0. 0 0. 0. 0;
1300, 0. 0. 0 0. 0. 0;
1310, 0. 0. 0 0. 0. 0;
1320, 0. 0. 0 0. 0. 0;
1330, 0. 0. 0 0. 0. 0;
1340, 0. 0. 0 0. 0. 0;
1350, 0. 0. 0 0. 0. 0;
1360, 0. 0. 0 0. 0. 0;
1370, 0. 0. 0 0. 0. 0;
1380, 0. 0. 0 0. 0. 0;
1390, 0. 0. 0 0. 0. 0;
1400, 0. 0. 0 0. 0. 0;
1410, 0. 0. 0 0. 0. 0;
1420, 0. 0. 0 0. 0. 0;
1430, 0. 0. 0 0. 0. 0;
1440, 0. 0. 0 0. 0. 0;
1450, 0. 0. 0 0. 0. 0;
1460, 0. 0. 0 0. 0. 0;
1470, 0. 0. 0 0. 0. 0;
1480, 0. 0. 0 0. 0. 0;
1490, 0. 0. 0 0. 0. 0;
1500, 0. 0. 0 0. 0. 0;
1510, 0. 0. 0 0. 0. 0;
1520, 0. 0. 0 0. 0. 0;
1530, 0. 0. 0 0. 0. 0;
1540, 0. 0. 0 0. 0. 0;
1550, 0. 0. 0 0. 0. 0;
1560, 0. 0. 0 0. 0. 0;
1570, 0. 0. 0 0. 0. 0;
1580, 0. 0. 0 0. 0. 0;
1590, 0. 0. 0 0. 0. 0;
1600, 0. 0. 0 0. 0. 0;
1610, 0. 0. 0 0. 0. 0;
1620, 0. 0. 0 0. 0. 0;
1630, 0. 0. 0 0. 0. 0;
1640, 0. 0. 0 0. 0. 0;
1650, 0. 0. 0 0. 0. 0;
1660, 0. 0. 0 0. 0. 0;
1670, 0. 0. 0 0. 0. 0;
1680, 0. 0. 0 0. 0. 0;
1690, 0. 0. 0 0. 0. 0;
1700, 0. 0. 0 0. 0. 0;
1710, 0. 0. 0 0. 0. 0;
1720, 0. 0. 0 0. 0. 0;
1730, 0. 0. 0 0. 0. 0;
1740, 0. 0. 0 0. 0. 0;
1750, 0. 0. 0 0. 0. 0;
1760, 0. 0. 0 0. 0. 0;
1770, 0. 0. 0 0. 0. 0;
1780, 0. 0. 0 0. 0. 0;
1790, 0. 0. 0 0. 0. 0;
1800, 0. 0. 0 0. 0. 0;
1810, 0. 0. 0 0. 0. 0;
1820, 0. 0. 0 0. 0. 0;
1830, 0. 0. 0 0. 0. 0;
1840, 0. 0. 0 0. 0. 0;
1850, 0. 0. 0 0. 0. 0;
1860, 0. 0. 0 0. 0. 0;
1870, 0. 0. 0 0. 0. 0;
1880, 0. 0. 0 0. 0. 0;
1890, 0. 0. 0 0. 0. 0;
1900, 0. 0. 0 0. 0. 0;
1910, 0. 0. 0 0. 0. 0;
1920, 0. 0. 0 0. 0. 0;
1930, 0. 0. 0 0. 0. 0;
1940, 0. 0. 0 0. 0. 0;
1950, 0. 0. 0 0. 0. 0;
1960, 0. 0. 0 0. 0. 0;
1970, 0. 0. 0 0. 0. 0;
1980, 0. 0. 0 0. 0. 0;
1990, 0. 0. 0 0. 0. 0;
2000, 0. 0. 0 0. 0. 0;
2010, 0. 0. 0 0. 0. 0;
2020, 0. 0. 0 0. 0. 0;
2030, 0. 0. 0 0. 0. 0;
2040, 0. 0. 0 0. 0. 0;
2050, 0. 0. 0 0. 0. 0;
2060, 0. 0. 0 0. 0. 0;
2070, 0. 0. 0 0. 0. 0;
2080, 0. 0. 0 0. 0. 0;
2090, 0. 0. 0 0. 0. 0;
2100, 0. 0. 0 0. 0. 0;
2110, 0. 0. 0 0. 0. 0;
2120, 0. 0. 0 0. 0. 0;
2130, 0. 0. 0 0. 0. 0;
2140, 0. 0. 0 0. 0. 0;
2150, 0. 0. 0 0. 0. 0;
2160, 0. 0. 0 0. 0. 0;
2170, 0. 0. 0 0. 0. 0;
2180, 0. 0. 0 0. 0. 0;
2190, 0. 0. 0 0. 0. 0;
2200, 0. 0. 0 0. 0. 0;
2210, 0. 0. 0 0. 0. 0;
2220, 0. 0. 0 0. 0. 0;
2230, 0. 0. 0 0. 0. 0;
2240, 0. 0. 0 0. 0. 0;
2250, 0. 0. 0 0. 0. 0;
2260, 0. 0. 0 0. 0. 0;
2270, 0. 0. 0 0. 0. 0;
2280, 0. 0. 0 0. 0. 0;
2290, 0. 0. 0 0. 0. 0;
2300, 0. 0. 0 0. 0. 0;
2310, 0. 0. 0 0. 0. 0;
2320, 0. 0. 0 0. 0. 0;
2330, 0. 0. 0 0. 0. 0;
2340, 0. 0. 0 0. 0. 0;
2350, 0. 0. 0 0. 0. 0;
2360, 0. 0. 0 0. 0. 0;
2370, 0. 0. 0 0. 0. 0;
2380, 0. 0. 0 0. 0. 0;
2390, 0. 0. 0 0. 0. 0;
2400, 0. 0. 0 0. 0. 0;
2410, 0. 0. 0 0. 0. 0;
2420, 0. 0. 0 0. 0. 0;
2430, 0. 0. 0 0. 0. 0;
2440, 0. 0. 0 0. 0. 0;
2450, 0. 0. 0 0. 0. 0;
2460, 0. 0. 0 0. 0. 0;
2470, 0. 0. 0 0. 0. 0;
2480, 0. 0. 0 0. 0. 0;
2490, 0. 0. 0 0. 0. 0;
2500, 0. 0. 0 0. 0. 0;
2510, 0. 0. 0 0. 0. 0;
2520, 0. 0. 0 0. 0. 0;
2530, 0. 0. 0 0. 0. 0;
2540, 0. 0. 0 0. 0. 0;
2550, 0. 0. 0 0. 0. 0;
2560, 0. 0. 0 0. 0. 0;
2570, 0. 0. 0 0. 0. 0;
2580, 0. 0. 0 0. 0. 0;
2590, 0. 0. 0 0. 0. 0;
2600, 0. 0. 0 0. 0. 0;
2610, 0. 0. 0 0. 0. 0;
2620, 0. 0. 0 0. 0. 0;
2630, 0. 0. 0 0. 0. 0;
2640, 0. 0. 0 0. 0. 0;
2650, 0. 0. 0 0. 0. 0;
2660, 0. 0. 0 0. 0. 0;
2670, 0. 0. 0 0. 0. 0;
2680, 0. 0. 0 0. 0. 0;
2690, 0. 0. 0 0. 0. 0;
2700, 0. 0. 0 0. 0. 0;
2710, 0. 0. 0 0. 0. 0;
2720, 0. 0. 0 0. 0. 0;
2730, 0. 0. 0 0. 0. 0;
2740, 0. 0. 0 0. 0. 0;
2750, 0. 0. 0 0. 0. 0;
2760, 0. 0. 0 0. 0. 0;
2770, 0. 0. 0 0. 0. 0;
2780, 0. 0. 0 0. 0. 0;
2790, 0. 0. 0 0. 0. 0;
2800, 0. 0. 0 0. 0. 0;
2810, 0. 0. 0 0. 0. 0;
2820, 0. 0. 0 0. 0. 0;
2830, 0. 0. 0 0. 0. 0;
2840, 0. 0. 0 0. 0. 0;
2850, 0. 0. 0 0. 0. 0;
2860, 0. 0. 0 0. 0. 0;
2870, 0. 0. 0 0. 0. 0;
2880, 0. 0. 0 0. 0. 0;
2890, 0. 0. 0 0. 0. 0;
2900, 0. 0. 0 0. 0. 0;
2910, 0. 0. 0 0. 0. 0;
2920, 0. 0. 0 0. 0. 0;
2930, 0. 0. 0 0. 0. 0;
2940, 0. 0. 0 0. 0. 0;
2950, 0. 0. 0 0. 0. 0;
2960, 0. 0. 0 0. 0. 0;
2970, 0. 0. 0 0. 0. 0;
2980, 0. 0. 0 0. 0. 0;
2990, 0. 0. 0 0. 0. 0;
3000, 0. 0. 0 0. 0. 0;
3010, 0. 0. 0 0. 0. 0;
3020, 0. 0. 0 0. 0. 0;
3030, 0. 0. 0 0. 0. 0;
3040, 0. 0. 0 0. 0. 0;
3050, 0. 0. 0 0. 0. 0;
3060, 0. 0. 0 0. 0. 0;
3070, 0. 0. 0 0. 0. 0;
3080, 0. 0. 0 0. 0. 0;
3090, 0. 0. 0 0. 0. 0;
3100, 0. 0. 0 0. 0. 0;
3110, 0. 0. 0 0. 0. 0;
3120, 0. 0. 0 0. 0. 0;
3130, 0. 0. 0 0. 0. 0;
3140, 0. 0. 0 0. 0. 0;
3150, 0. 0. 0 0. 0. 0;
3160, 0. 0. 0 0. 0. 0;
3170, 0. 0. 0 0. 0. 0;
3180, 0. 0. 0 0. 0. 0;
3190, 0. 0. 0 0. 0. 0;
3200, 0. 0. 0 0. 0. 0;
3210, 0. 0. 0 0. 0. 0;
3220, 0. 0. 0 0. 0. 0;
3230, 0. 0. 0 0. 0. 0;
3240, 0. 0. 0 0. 0. 0;
3250, 0. 0. 0 0. 0. 0;
3260, 0. 0. 0 0. 0. 0;
3270, 0. 0. 0 0. 0. 0;
3280, 0. 0. 0 0. 0. 0;
3290, 0. 0. 0 0. 0. 0;
3300, 0. 0. 0 0. 0. 0;
3310, 0. 0. 0 0. 0. 0;
3320, 0. 0. 0 0. 0. 0;
3330, 0. 0. 0 0. 0. 0;
3340, 0. 0. 0 0. 0. 0;
3350, 0. 0. 0 0. 0. 0;
3360, 0. 0. 0 0. 0. 0;
3370, 0. 0. 0 0. 0. 0;
3380, 0. 0. 0 0. 0. 0;
3390, 0. 0. 0 0. 0. 0;
3400, 0. 0. 0 0. 0. 0;
3410, 0. 0. 0 0. 0. 0;
3420, 0. 0. 0 0. 0. 0;
3430, 0. 0. 0 0. 0. 0;
3440, 0. 0. 0 0. 0. 0;
3450, 0. 0. 0 0. 0. 0;
3460, 0. 0. 0 0. 0. 0;
3470, 0. 0. 0 0. 0. 0;
3480, 0. 0. 0 0. 0. 0;
3490, 0. 0. 0 0. 0. 0;
3500, 0. 0. 0 0. 0. 0;
3510, 0. 0. 0 0. 0. 0;
3520, 0. 0. 0 0. 0. 0;
3530, 0. 0. 0 0. 0. 0;
3540, 0. 0. 0 0. 0. 0;
3550, 0. 0. 0 0. 0. 0;
3560, 0. 0. 0 0. 0. 0;
3570, 0. 0. 0 0. 0. 0;
3580, 0. 0. 0 0. 0. 0;
3590, 0. 0. 0 0. 0. 0;
3600, 0. 0. 0 0. 0. 0;
3610, 0. 0. 0 0. 0. 0;
3620, 0. 0. 0 0. 0. 0;
3630, 0. 0. 0 0. 0. 0;
3640, 0. 0. 0 0. 0. 0;
3650, 0. 0. 0 0. 0. 0;
3660, 0. 0. 0 0. 0. 0;
3670, 0. 0. 0 0. 0. 0;
3680, 0. 0. 0 0. 0. 0;
3690, 0. 0. 0 0. 0. 0;
3700, 0. 0. 0 0. 0. 0;
3710, 0. 0. 0 0. 0. 0;
3720, 0. 0. 0 0. 0. 0;
3730, 0. 0. 0 0. 0. 0;
3740, 0. 0. 0 0. 0. 0;
3750, 0. 0. 0 0. 0. 0;
3760, 0. 0. 0 0. 0. 0;
3770, 0. 0. 0 0. 0. 0;
3780, 0. 0. 0 0. 0. 0;
3790, 0. 0. 0 0. 0. 0;
3800, 0. 0. 0 0. 0. 0;
3810, 0. 0. 0 0. 0. 0;
3820, 0. 0. 0 0. 0. 0;
3830, 0. 0. 0 0. 0. 0;
3840, 0. 0. 0 0. 0. 0;
3850, 0. 0. 0 0. 0. 0;
3860, 0. 0. 0 0. 0. 0;
3870, 0. 0. 0 0. 0. 0;
3880, 0. 0. 0 0. 0. 0;
3890, 0. 0. 0 0. 0. 0;
3900, 0. 0. 0 0. 0. 0;
3910, 0. 0. 0 0. 0. 0;
3920, 0. 0. 0 0. 0. 0;
3930, 0. 0. 0 0. 0. 0;
3940, 0. 0. 0 0. 0. 0;
3950, 0. 0. 0 0. 0. 0;
3960, 0. 0. 0 0. 0. 0;
3970, 0. 0. 0 0. 0. 0;
3980, 0. 0. 0 0. 0. 0;
3990, 0. 0. 0 0. 0. 0;
4000, 0. 0. 0 0. 0. 0;
4010, 0. 0. 0 0. 0. 0;
4020, 0. 0. 0 0. 0. 0;
4030, 0. 0. 0 0. 0. 0;
4040, 0. 0. 0 0. 0. 0;
4050, 0. 0. 0 0. 0. 0;
4060, 0. 0. 0 0. 0. 0;
4070, 0. 0. 0 0. 0. 0;
4080, 0. 0. 0 0. 0. 0;
4090, 0. 0. 0 0. 0. 0;
4100, 0. 0. 0 0. 0. 0;
4110, 0. 0. 0 0. 0. 0;
4120, 0. 0. 0 0. 0. 0;
4130, 0. 0. 0 0. 0. 0;
4140, 0. 0. 0 0. 0. 0;
4150, 0. 0. 0 0. 0. 0;
4160, 0. 0. 0 0. 0. 0;
4170, 0. 0. 0 0. 0. 0;
4180, 0. 0. 0 0. 0. 0;
4190, 0. 0. 0 0. 0. 0;
4200, 0. 0. 0 0. 0. 0;
4210, 0. 0. 0 0. 0. 0;
4220, 0. 0. 0 0. 0. 0;
4230, 0. 0. 0 0. 0. 0;
4240, 0. 0. 0 0. 0. 0;
4250, 0. 0. 0 0. 0. 0;
4260, 0. 0. 0 0. 0. 0;
4270, 0. 0. 0 0. 0. 0;
4280, 0. 0. 0 0. 0. 0;
4290, 0. 0. 0 0. 0. 0;
4300, 0. 0. 0 0. 0. 0;
4310, 0. 0. 0 0. 0. 0;
4320, 0. 0. 0 0. 0. 0;
4330, 0. 0. 0 0. 0. 0;
4340, 0. 0. 0 0. 0. 0;
4350, 0. 0. 0 0. 0. 0;
4360, 0. 0. 0 0. 0. 0;
4370, 0. 0. 0 0. 0. 0;
4380, 0. 0. 0 0. 0. 0;
4390, 0. 0. 0 0. 0. 0;
4400, 0. 0. 0 0. 0. 0;
4410, 0. 0. 0 0. 0. 0;
4420, 0. 0. 0 0. 0. 0;
4430, 0. 0. 0 0. 0. 0;
4440, 0. 0. 0 0. 0. 0;
4450, 0. 0. 0 0. 0. 0;
4460, 0. 0. 0 0. 0. 0;
4470, 0. 0. 0 0. 0. 0;
4480, 0. 0. 0 0. 0. 0;
4490, 0. 0. 0 0. 0. 0;
4500, 0. 0. 0 0. 0. 0;
4510, 0. 0. 0 0. 0. 0;
4520, 0. 0. 0 0. 0. 0;
4530, 0. 0. 0 0. 0. 0;
4540, 0. 0. 0 0. 0. 0;
4550, 0. 0. 0 0. 0. 0;
4560, 0. 0. 0 0. 0. 0;
4570, 0. 0. 0 0. 0. 0;
4580, 0. 0. 0 0. 0. 0;
4590, 0. 0. 0 0. 0. 0;
4600, 0. 0. 0 0. 0. 0;
4610, 0. 0. 0 0. 0. 0;
4620, 0. 0. 0 0. 0. 0;
4630, 0. 0. 0 0. 0. 0;
4640, 0. 0. 0 0. 0. 0;
4650, 0. 0. 0 0. 0. 0;
4660, 0. 0. 0 0. 0. 0;
4670, 0. 0. 0 0. 0. 0;
4680, 0. 0. 0 0. 0. 0;
4690, 0. 0. 0 0. 0. 0;
4700, 0. 0. 0 0. 0. 0;
4710, 0. 0. 0 0. 0. 0;
4720, 0. 0. 0 0. 0. 0;
4730, 0. 0. 0 0. 0. 0;
4740, 0. 0. 0 0. 0. 0;
4750, 0. 0. 0 0. 0. 0;
4760, 0. 0. 0 0. 0. 0;
4770, 0. 0. 0 0. 0. 0;
4780, 0. 0. 0 0. 0. 0;
4790, 0. 0. 0 0. 0. 0;
4800, 0. 0. 0 0. 0. 0;
4810, 0. 0. 0 0. 0. 0;
4820, 0. 0. 0 0. 0. 0;
4830, 0. 0. 0 0. 0. 0;
4840, 0. 0. 0 0. 0. 0;
4850, 0. 0. 0 0. 0. 0;
4860, 0. 0. 0 0. 0. 0;
4870, 0. 0. 0 0. 0. 0;
4880, 0. 0. 0 0. 0. 0;
4890, 0. 0. 0 0. 0. 0;
4900, 0. 0. 0 0. 0. 0;
4910, 0. 0. 0 0. 0. 0;
4920, 0. 0. 0 0. 0. 0;
4930, 0. 0. 0 0. 0. 0;
4940, 0. 0. 0 0. 0. 0;
4950, 0. 0. 0 0. 0. 0;
4960, 0. 0. 0 0. 0. 0;
4970, 0. 0. 0 0. 0. 0;
4980, 0. 0. 0 0. 0. 0;
4990, 0. 0. 0 0. 0. 0;
5000, 0. 0. 0 0. 0. 0;
5010, 0. 0. 0 0. 0. 0;
5020, 0. 0. 0 0. 0. 0;
5030, 0. 0. 0 0. 0. 0;
5040, 0. 0. 0 0. 0. 0;
5050, 0. 0. 0 0. 0. 0;
5060, 0. 0. 0 0. 0. 0;
5070, 0. 0. 0 0. 0. 0;
5080, 0. 0. 0 0. 0. 0;
5090, 0. 0. 0 0. 0. 0;
5100, 0. 0. 0 0. 0. 0;
5110, 0. 0. 0 0. 0. 0;
5120, 0. 0. 0 0. 0. 0;
5130, 0. 0. 0 0. 0. 0;
5140, 0. 0. 0 0. 0. 0;
5150, 0. 0. 0 0. 0. 0;
5160, 0. 0. 0 0. 0. 0;
5170, 0. 0. 0 0. 0. 0;
5180, 0. 0. 0 0. 0. 0;
5190, 0. 0. 0 0. 0. 0;
5200, 0. 0. 0 0. 0. 0;
5210, 0. 0. 0 0. 0. 0;
5220, 0. 0. 0 0. 0. 0;
5230, 0. 0. 0 0. 0. 0;
5240, 0. 0. 0 0. 0. 0;
5250, 0. 0. 0 0. 0. 0;
5260, 0. 0. 0 0. 0. 0;
5270, 0. 0. 0 0. 0. 0;
5280, 0. 0. 0 0. 0. 0;
5290, 0. 0. 0 0. 0. 0;
5300, 0. 0. 0 0. 0. 0;
5310, 0. 0. 0 0. 0. 0;
5320, 0. 0. 0 0. 0. 0;
5330, 0. 0. 0 0. 0. 0;
5340, 0. 0. 0 0. 0. 0;
5350, 0. 0. 0 0. 0. 0;
5360, 0. 0. 0 0. 0. 0;
5370, 0. 0. 0 0. 0. 0;
5380, 0. 0. 0 0. 0. 0;
5390, 0. 0. 0 0. 0. 0;
5400, 0. 0. 0 0. 0. 0;
5410, 0. 0. 0 0. 0. 0;
5420, 0. 0. 0 0. 0. 0;
5430, 0. 0. 0 0. 0. 0;
5440, 0. 0. 0 0. 0. 0;
5450, 0. 0. 0 0. 0. 0;
5460, 0. 0. 0 0. 0. 0;
5470, 0. 0. 0 0. 0. 0;
5480, 0. 0. 0 0. 0. 0;
5490, 0. 0. 0 0. 0. 0;
5500, 0. 0. 0 0. 0. 0;
5510, 0. 0. 0 0. 0. 0;
5520, 0. 0. 0 0. 0. 0;
5530, 0. 0. 0 0. 0. 0;
5540, 0. 0. 0 0. 0. 0;
5550, 0. 0. 0 0. 0. 0;
5560, 0. 0. 0 0. 0. 0;
5570, 0. 0. 0 0. 0. 0;
5580, 0. 0. 0 0. 0. 0;
5590, 0. 0. 0 0. 0. 0;
5600, 0. 0. 0 0. 0. 0;
5610, 0. 0. 0 0. 0. 0;
5620, 0. 0. 0 0. 0. 0;
5630, 0. 0. 0 0. 0. 0;
5640, 0. 0. 0 0. 0. 0;
5650, 0. 0. 0 0. 0. 0;
5660, 0. 0. 0 0. 0. 0;
5670, 0. 0. 0 0. 0. 0;
5680, 0. 0. 0 0. 0. 0;
5690, 0. 0. 0 0. 0. 0;
5700, 0. 0. 0 0. 0. 0;
5710, 0. 0. 0 0. 0. 0;
5720, 0. 0. 0 0. 0. 0;
5730, 0. 0. 0 0. 0. 0;
5740, 0. 0. 0 0. 0. 0;
5750, 0. 0. 0 0. 0. 0;
5760, 0. 0. 0 0. 0. 0;
5770, 0. 0. 0 0. 0. 0;
5780, 0. 0. 0 0. 0. 0;
5790, 0. 0. 0 0. 0. 0;
5800, 0. 0. 0 0. 0. 0;
5810, 0. 0. 0 0. 0. 0;
5820, 0. 0. 0 0. 0. 0;
5830, 0. 0. 0 0. 0. 0;
5840, 0. 0. 0 0. 0. 0;
5850, 0. 0. 0 0. 0. 0;
5860, 0. 0. 0 0. 0. 0;
5870, 0. 0. 0 0. 0. 0;
5880, 0. 0. 0 0. 0. 0;
5890, 0. 0. 0 0. 0. 0;
5900, 0. 0. 0 0. 0. 0;
5910, 0. 0. 0 0. 0. 0;
5920, 0. 0. 0 0. 0. 0;
5930, 0. 0. 0 0. 0. 0;
5940, 0. 0. 0 0. 0. 0;
5950, 0. 0. 0 0. 0. 0;
5960, 0. 0. 0 0. 0. 0;
5970, 0. 0. 0 0. 0. 0;
5980, 0. 0. 0 0. 0. 0;
5990, 0. 0. 0 0. 0. 0;
6000, 0. 0. 0 0. 0. 0;
6010, 0. 0. 0 0. 0. 0;
6020, 0. 0. 0 0. 0. 0;
6030, 0. 0. 0 0. 0. 0;
6040, 0. 0. 0 0. 0. 0;
6050, 0. 0. 0 0. 0. 0;
6060, 0. 0. 0 0. 0. 0;
6070, 0. 0. 0 0. 0. 0;
6080, 0. 0. 0 0. 0. 0;
6090, 0. 0. 0 0. 0. 0;
6100, 0. 0. 0 0. 0. 0;
6110, 0. 0. 0 0. 0. 0;
6120, 0. 0. 0 0. 0. 0;
6130, 0. 0. 0 0. 0. 0;
6140, 0. 0. 0 0. 0. 0;
6150, 0. 0. 0 0. 0. 0;
6160, 0. 0. 0 0. 0. 0;
6170, 0. 0. 0 0. 0. 0;
6180, 0. 0. 0 0. 0. 0;
6190, 0. 0. 0 0. 0. 0;
6200, 0. 0. 0 0. 0. 0;
6210, 0. 0. 0 0. 0. 0;
6220, 0. 0. 0 0. 0. 0;
6230, 0. 0. 0 0. 0. 0;
6240, 0. 0. 0 0. 0. 0;
6250, 0. 0. 0 0. 0. 0;
6260, 0. 0. 0 0. 0. 0;
6270, 0. 0. 0 0. 0. 0;
6280, 0. 0. 0 0. 0. 0;
6290, 0. 0. 0 0. 0. 0;
6300, 0. 0. 0 0. 0. 0;
6310, 0. 0. 0 0. 0. 0;
6320, 0. 0. 0 0. 0. 0;
6330, 0. 0. 0 0. 0. 0;
6340, 0. 0. 0 0. 0. 0;
6350, 0. 0. 0 0. 0. 0;
6360, 0.114162 0.530303 1 0. 0. 0;
6370, 0.114162 0.530303 1 0. 0. 0;
6380, 0.114162 0.530303 1 0.117018 0.676206 1;
6390, 0.114162 0.530303 1 0.117018 0.676206 1;
6400, 0.114162 0.530303 1 0.117018 0.676206 1;
6410, 0.114162 0.530303 1 0.117018 0.676206 1;
6420, 0.114162 0.530303 1 0.117018 0.676206 1;
6430, 0.114162 0.530303 1 0.117018 0.676206 1;
6440, 0.114162 0.530303 1 0.117018 0.676206 1;
6450, 0.114162 0.530303 1 0.117018 0.676206 1;
6460, 0.114162 0.530303 1 0.117018 0.676206 1;
6470, 0.114162 0.530303 1 0.117018 0.676206 1;
6480, 0.114162 0.530303 1 0.117018 0.676206 1;
6490, 0.114162 0.530303 1 0.117018 0.676206 1;
6500, 0.114162 0.530303 1 0.117018 0.676206 1;
6510, 0.114162 0.530303 1 0.117018 0.676206 1;
6520, 0.114162 0.530303 1 0.117018 0.676206 1;
6530, 0.114162 0.530303 1 0.117018 0.676206 1;
6540, 0.114162 0.530303 1 0.117018 0.676206 1;
6550, 0.114162 0.530303 1 0.117018 0.676206 1;
6560, 0.114162 0.530303 1 0.117018 0.676206 1;
6570, 0.114162 0.530303 1 0.117018 0.676206 1;
6580, 0.114162 0.530303 1 0.117018 0.676206 1;
6590, 0.114162 0.530303 1 0.117018 0.676206 1;
6600, 0.114162 0.530303 1 0.117018 0.676206 1;
6610, 0.114162 0.530303 1 0.117018 0.676206 1;
6620, 0.114162 0.530303 1 0.117018 0.676206 1;
6630, 0.114162 0.530303 1 0.117018 0.676206 1;
6640, 0.114162 0.530303 1 0.117018 0.676206 1;
6650, 0.114162 0.530303 1 0.117018 0.676206 1;
6660, 0.112058 0.530303 1 0.117018 0.676206 1;
6670, 0.112058 0.530303 1 0.117018 0.676206 1;
6680, 0.112058 0.530303 1 0.117018 0.676206 1;
6690, 0.112058 0.530303 1 0.117018 0.676206 1;
6700, 0.112058 0.530303 1 0.117018 0.676206 1;
6710, 0.112058 0.530303 1 0.117018 0.676206 1;
6720, 0.112058 0.530303 1 0.117018 0.676206 1;
6730, 0.112058 0.530303 1 0.117018 0.676206 1;
6740, 0.112058 0.530303 1 0.117018 0.676206 1;
6750, 0.112058 0.530303 1 0.117018 0.676206 1;
6760, 0.112058 0.530303 1 0.117018 0.676206 1;
6770, 0.112058 0.530303 1 0.117018 0.676206 1;
6780, 0.112058 0.530303 1 0.117018 0.676206 1;
6790, 0.112058 0.530303 1 0.117018 0.676206 1;
6800, 0.112058 0.530303 1 0.117018 0.676206 1;
6810, 0.112058 0.530303 1 0.117018 0.676206 1;
6820, 0.112058 0.530303 1 0.117018 0.676206 1;
6830, 0.112058 0.530303 1 0.117018 0.676206 1;
6840, 0.112058 0.530303 1 0.117018 0.676206 1;
6850, 0.112058 0.530303 1 0.117018 0.676206 1;
6860, 0.112058 0.530303 1 0.117018 0.676206 1;
6870, 0.112058 0.530303 1 0.117018 0.676206 1;
6880, 0.112058 0.530303 1 0.117018 0.676206 1;
6890, 0.112058 0.530303 1 0.117018 0.676206 1;
6900, 0.112058 0.530303 1 0.117018 0.676206 1;
6910, 0.11311 0.530303 1 0.117018 0.676206 1;
6920, 0.11311 0.530303 1 0.117018 0.676206 1;
6930, 0.11311 0.530303 1 0.117018 0.676206 1;
6940, 0.11311 0.530303 1 0.117018 0.676206 1;
6950, 0.11311 0.530303 1 0.117018 0.676206 1;
6960, 0.11311 0.530303 1 0.117018 0.676206 1;
6970, 0.11311 0.530303 1 0.117018 0.676206 1;
6980, 0.11311 0.530303 1 0.117018 0.676206 1;
6990, 0.11311 0.530303 1 0.117018 0.676206 1;
7000, 0.11311 0.530303 1 0.117018 0.676206 1;
7010, 0.11311 0.530303 1 0.117018 0.676206 1;
7020, 0.11311 0.530303 1 0.117018 0.676206 1;
7030, 0.11311 0.530303 1 0.117018 0.676206 1;
7040, 0.11311 0.530303 1 0.117018 0.676206 1;
7050, 0.113636 0.530303 1 0.117018 0.676206 1;
7060, 0.113636 0.530303 1 0.117018 0.676206 1;
7070, 0.113636 0.530303 1 0.117018 0.676206 1;
7080, 0.113636 0.530303 1 0.117018 0.676206 1;
7090, 0.113636 0.530303 1 0.117018 0.676206 1;
7100, 0.113636 0.530303 1 0.117018 0.676206 1;
7110, 0.113636 0.530303 1 0.117018 0.676206 1;
7120, 0.114162 0.531238 1 0.117018 0.676206 1;
7130, 0.114162 0.531238 1 0.117018 0.676206 1;
7140, 0.114162 0.531238 1 0.117018 0.676206 1;
7150, 0.114162 0.531238 1 0.117018 0.676206 1;
7160, 0.114162 0.531238 1 0.117018 0.676206 1;
7170, 0.114162 0.531238 1 0.117018 0.676206 1;
7180, 0.114162 0.531238 1 0.117018 0.676206 1;
7190, 0.115215 0.531238 1 0.117018 0.676206 1;
7200, 0.115215 0.531238 1 0.117018 0.676206 1;
7210, 0.115215 0.531238 1 0.117018 0.676206 1;
7220, 0.115215 0.531238 1 0.117018 0.676206 1;
7230, 0.115215 0.531238 1 0.117018 0.676206 1;
7240, 0.115215 0.531238 1 0.117018 0.676206 1;
7250, 0.115215 0.533109 1 0.117018 0.676206 1;
7260, 0.115215 0.533109 1 0.117018 0.676206 1;
7270, 0.115215 0.533109 1 0.117018 0.676206 1;
7280, 0.115215 0.533109 1 0.117018 0.676206 1;
7290, 0.115215 0.533109 1 0.117018 0.676206 1;
7300, 0.115741 0.534044 1 0.117018 0.676206 1;
7310, 0.115741 0.534044 1 0.117018 0.676206 1;
7320, 0.115741 0.534044 1 0.117018 0.676206 1;
7330, 0.115741 0.534044 1 0.117018 0.676206 1;
7340, 0.115741 0.534044 1 0.117018 0.676206 1;
7350, 0.116267 0.534979 1 0.117018 0.676206 1;
7360, 0.116267 0.534979 1 0.117018 0.676206 1;
7370, 0.116267 0.534979 1 0.117018 0.676206 1;
7380, 0.116267 0.535915 1 0.117018 0.676206 1;
7390, 0.116267 0.535915 1 0.117018 0.676206 1;
7400, 0.116267 0.535915 1 0.117018 0.676206 1;
7410, 0.116267 0.535915 1 0.117018 0.676206 1;
7420, 0.116267 0.535915 1 0.117018 0.676206 1;
7430, 0.116793 0.537785 1 0.117018 0.676206 1;
7440, 0.116793 0.537785 1 0.117018 0.676206 1;
7450, 0.116793 0.537785 1 0.117018 0.676206 1;
7460, 0.116793 0.537785 1 0.117018 0.676206 1;
7470, 0.116793 0.537785 1 0.117018 0.676206 1;
7480, 0.116793 0.538721 1 0.117018 0.676206 1;
7490, 0.116793 0.538721 1 0.117018 0.676206 1;
7500, 0.116793 0.538721 1 0.117018 0.676206 1;
7510, 0.116793 0.540591 1 0.117018 0.676206 1;
7520, 0.116793 0.540591 1 0.117018 0.676206 1;
7530, 0.116793 0.541526 1 0.117018 0.676206 1;
7540, 0.116793 0.541526 1 0.117018 0.676206 1;
7550, 0.116793 0.542462 1 0.117018 0.676206 1;
7560, 0.116793 0.542462 1 0.117018 0.676206 1;
7570, 0.116793 0.542462 1 0.117018 0.676206 1;
7580, 0.116793 0.544332 1 0.117018 0.676206 1;
7590, 0.116793 0.545268 1 0.117018 0.676206 1;
7600, 0.116793 0.545268 1 0.117018 0.676206 1;
7610, 0.116793 0.547138 1 0.117018 0.676206 1;
7620, 0.116793 0.548073 1 0.117018 0.676206 1;
7630, 0.116793 0.549944 1 0.117018 0.676206 1;
7640, 0.116793 0.549944 1 0.117018 0.676206 1;
7650, 0.116793 0.551814 1 0.117018 0.676206 1;
7660, 0.116793 0.551814 1 0.117018 0.676206 1;
7670, 0.116793 0.553685 1 0.117018 0.676206 1;
7680, 0.116793 0.55462 1 0.117018 0.676206 1;
7690, 0.116793 0.556491 1 0.117018 0.676206 1;
7700, 0.116793 0.556491 1 0.117018 0.676206 1;
7710, 0.116267 0.558361 1 0.117018 0.676206 1;
7720, 0.116267 0.559297 1 0.117018 0.676206 1;
7730, 0.116267 0.559297 1 0.117018 0.676206 1;
7740, 0.116267 0.559297 1 0.117018 0.676206 1;
7750, 0.116267 0.561167 1 0.117018 0.676206 1;
7760, 0.116267 0.562103 1 0.117018 0.676206 1;
7770, 0.116267 0.562103 1 0.117018 0.676206 1;
7780, 0.116267 0.564908 1 0.117018 0.676206 1;
7790, 0.116267 0.564908 1 0.117018 0.676206 1;
7800, 0.115741 0.566779 1 0.117018 0.676206 1;
7810, 0.115741 0.567714 1 0.117018 0.676206 1;
7820, 0.115741 0.567714 1 0.117018 0.676206 1;
7830, 0.115741 0.568649 1 0.117018 0.676206 1;
7840, 0.115741 0.568649 1 0.117018 0.676206 1;
7850, 0.115741 0.57052 1 0.117018 0.676206 1;
7860, 0.115215 0.571455 1 0.117018 0.676206 1;
7870, 0.115215 0.573326 1 0.117018 0.676206 1;
7880, 0.115215 0.574261 1 0.117018 0.676206 1;
7890, 0.115215 0.574261 1 0.117018 0.676206 1;
7900, 0.115215 0.576132 1 0.117018 0.676206 1;
7910, 0.115215 0.577067 1 0.117018 0.676206 1;
7920, 0.115215 0.578938 1 0.117018 0.676206 1;
7930, 0.115215 0.580808 1 0.117018 0.676206 1;
7940, 0.115215 0.580808 1 0.117018 0.676206 1;
7950, 0.115215 0.581743 1 0.117018 0.676206 1;
7960, 0.115215 0.583614 1 0.117018 0.676206 1;
7970, 0.115215 0.583614 1 0.117018 0.676206 1;
7980, 0.114689 0.584549 1 0.117018 0.676206 1;
7990, 0.114689 0.58642 1 0.117018 0.676206 1;
8000, 0.114689 0.587355 1 0.117018 0.676206 1;
8010, 0.114689 0.589226 1 0.117018 0.676206 1;
8020, 0.114689 0.589226 1 0.117018 0.676206 1;
8030, 0.114689 0.591096 1 0.117018 0.676206 1;
8040, 0.114689 0.591096 1 0.117018 0.676206 1;
8050, 0.114689 0.592967 1 0.117018 0.676206 1;
8060, 0.114689 0.592967 1 0.117018 0.676206 1;
8070, 0.114689 0.594837 1 0.117018 0.676206 1;
8080, 0.114689 0.596708 1 0.117018 0.676206 1;
8090, 0.114689 0.599514 1 0.117018 0.676206 1;
8100, 0.114689 0.599514 1 0.117018 0.676206 1;
8110, 0.114689 0.60232 1 0.117018 0.676206 1;
8120, 0.114689 0.60419 1 0.117018 0.676206 1;
8130, 0.114689 0.605125 1 0.117018 0.676206 1;
8140, 0.114689 0.605125 1 0.117018 0.676206 1;
8150, 0.114689 0.608866 1 0.117018 0.676206 1;
8160, 0.115215 0.610737 1 0.117018 0.676206 1;
8170, 0.115215 0.610737 1 0.117018 0.676206 1;
8180, 0.114689 0.615413 1 0.117018 0.676206 1;
8190, 0.114689 0.616349 1 0.117018 0.676206 1;
8200, 0.114689 0.618219 1 0.117018 0.676206 1;
8210, 0.115215 0.62196 1 0.117018 0.676206 1;
8220, 0.115215 0.623831 1 0.117018 0.676206 1;
8230, 0.115215 0.623831 1 0.117018 0.676206 1;
8240, 0.115215 0.625701 1 0.117018 0.676206 1;
8250, 0.115215 0.628507 1 0.117018 0.676206 1;
8260, 0.115741 0.635054 1 0.117018 0.676206 1;
8270, 0.115741 0.636925 1 0.117018 0.676206 1;
8280, 0.116267 0.640666 1 0.117018 0.676206 1;
8290, 0.116267 0.641601 1 0.117018 0.676206 1;
8300, 0.116793 0.642537 1 0.117018 0.676206 1;
8310, 0.116793 0.644407 1 0.117018 0.676206 1;
8320, 0.116793 0.644407 1 0.117018 0.676206 1;
8330, 0.117319 0.645342 1 0.117018 0.676206 1;
8340, 0.117319 0.645342 1 0.117018 0.676206 1;
8350, 0.117319 0.645342 1 0.117018 0.676206 1;
8360, 0.117319 0.645342 1 0.117018 0.676206 1;
8370, 0.117319 0.645342 1 0.117018 0.676206 1;
8380, 0.117319 0.645342 1 0.117018 0.676206 1;
8390, 0.117319 0.645342 1 0.117018 0.676206 1;
8400, 0.117319 0.645342 1 0.117018 0.676206 1;
8410, 0.120476 0.582679 1 0.117018 0.676206 1;
8420, 0. 0. 0 0.117018 0.67196 1;
8430, 0. 0. 0 0.117018 0.67196 1;
8440, 0. 0. 0 0.117018 0.67196 1;
8450, 0. 0. 0 0.117018 0.67196 1;
8460, 0. 0. 0 0. 0. 0;
8470, 0. 0. 0 0. 0. 0;
8480, 0. 0. 0 0. 0. 0;
8490, 0. 0. 0 0. 0. 0;
8500, 0. 0. 0 0. 0. 0;
8510, 0. 0. 0 0. 0. 0;
8520, 0. 0. 0 0. 0. 0;
8530, 0. 0. 0 0. 0. 0;
8540, 0. 0. 0 0. 0. 0;
8550, 0. 0. 0 0. 0. 0;
8560, 0. 0. 0 0. 0. 0;
8570, 0. 0. 0 0. 0. 0;
8580, 0. 0. 0 0. 0. 0;
8590, 0. 0. 0 0. 0. 0;
8600, 0. 0. 0 0. 0. 0;
8610, 0. 0. 0 0. 0. 0;
8620, 0. 0. 0 0. 0. 0;
8630, 0. 0. 0 0. 0. 0;
8640, 0. 0. 0 0. 0. 0;
8650, 0. 0. 0 0. 0. 0;
8660, 0. 0. 0 0. 0. 0;
8670, 0. 0. 0 0. 0. 0;
8680, 0. 0. 0 0. 0. 0;
8690, 0. 0. 0 0. 0. 0;
8700, 0. 0. 0 0. 0. 0;
8710, 0. 0. 0 0. 0. 0;
8720, 0. 0. 0 0. 0. 0;
8730, 0. 0. 0 0. 0. 0;
8740, 0. 0. 0 0. 0. 0;
8750, 0. 0. 0 0. 0. 0;
8760, 0.108375 0.572391 1 0. 0. 0;
8770, 0.108375 0.572391 1 0. 0. 0;
8780, 0.108375 0.572391 1 0.113621 0.581734 1;
8790, 0.108375 0.572391 1 0.113621 0.581734 1;
8800, 0.108375 0.572391 1 0.113621 0.581734 1;
8810, 0.108375 0.572391 1 0.113621 0.581734 1;
8820, 0.108375 0.572391 1 0.113621 0.581734 1;
8830, 0.108375 0.572391 1 0.113621 0.581734 1;
8840, 0.108375 0.572391 1 0.113621 0.581734 1;
8850, 0.108375 0.572391 1 0.113621 0.581734 1;
8860, 0.108375 0.572391 1 0.113621 0.581734 1;
8870, 0.108375 0.572391 1 0.113621 0.581734 1;
8880, 0.108375 0.572391 1 0.113621 0.581734 1;
8890, 0.108375 0.572391 1 0.113621 0.581734 1;
8900, 0.108375 0.572391 1 0.113621 0.581734 1;
8910, 0.108375 0.572391 1 0.113621 0.581734 1;
8920, 0.108375 0.572391 1 0.113621 0.581734 1;
8930, 0.108375 0.572391 1 0.113621 0.581734 1;
8940, 0.108375 0.572391 1 0.113621 0.581734 1;
8950, 0.108375 0.572391 1 0.113621 0.581734 1;
8960, 0.108375 0.572391 1 0.113621 0.581734 1;
8970, 0.108375 0.572391 1 0.113621 0.581734 1;
8980, 0.108375 0.572391 1 0.113621 0.581734 1;
8990, 0.108375 0.572391 1 0.113621 0.581734 1;
9000, 0.108375 0.572391 1 0.113621 0.581734 1;
9010, 0.108375 0.572391 1 0.113621 0.581734 1;
9020, 0.108375 0.572391 1 0.113621 0.581734 1;
9030, 0.108375 0.572391 1 0.113621 0.581734 1;
9040, 0.108375 0.572391 1 0.113621 0.581734 1;
9050, 0.108375 0.572391 1 0.113621 0.581734 1;
9060, 0.108375 0.572391 1 0.113621 0.581734 1;
9070, 0.108375 0.572391 1 0.113621 0.581734 1;
9080, 0.108375 0.572391 1 0.113621 0.581734 1;
9090, 0.108375 0.572391 1 0.113621 0.581734 1;
9100, 0.108375 0.572391 1 0.113621 0.581734 1;
9110, 0.108375 0.572391 1 0.113621 0.581734 1;
9120, 0.108375 0.572391 1 0.113621 0.581734 1;
9130, 0.108375 0.572391 1 0.113621 0.581734 1;
9140, 0.108375 0.572391 1 0.113621 0.581734 1;
9150, 0.108375 0.572391 1 0.113621 0.581734 1;
9160, 0.108375 0.572391 1 0.113621 0.581734 1;
9170, 0.108375 0.572391 1 0.113621 0.581734 1;
9180, 0.108375 0.572391 1 0.113621 0.581734 1;
9190, 0.108375 0.572391 1 0.113621 0.581734 1;
9200, 0.108375 0.572391 1 0.113621 0.581734 1;
9210, 0.108375 0.572391 1 0.113621 0.581734 1;
9220, 0.108375 0.572391 1 0.113621 0.581734 1;
9230, 0.108375 0.572391 1 0.113621 0.581734 1;
9240, 0.108375 0.572391 1 0.113621 0.581734 1;
9250, 0.108375 0.572391 1 0.113621 0.581734 1;
9260, 0.108375 0.572391 1 0.113621 0.581734 1;
9270, 0.108375 0.572391 1 0.113621 0.581734 1;
9280, 0.108375 0.572391 1 0.113621 0.581734 1;
9290, 0.108375 0.572391 1 0.113621 0.581734 1;
9300, 0.108375 0.572391 1 0.113621 0.581734 1;
9310, 0.108375 0.572391 1 0.113621 0.581734 1;
9320, 0.108375 0.572391 1 0.113621 0.581734 1;
9330, 0.108375 0.572391 1 0.113621 0.581734 1;
9340, 0.108375 0.572391 1 0.113621 0.581734 1;
9350, 0.108375 0.572391 1 0.113621 0.581734 1;
9360, 0.108375 0.572391 1 0.113621 0.581734 1;
9370, 0.108375 0.572391 1 0.113621 0.581734 1;
9380, 0.108375 0.572391 1 0.113621 0.581734 1;
9390, 0.108375 0.572391 1 0.113621 0.581734 1;
9400, 0.108375 0.572391 1 0.113621 0.581734 1;
9410, 0.108375 0.572391 1 0.113621 0.581734 1;
9420, 0.108375 0.572391 1 0.113621 0.581734 1;
9430, 0.108375 0.572391 1 0.113621 0.581734 1;
9440, 0.108375 0.572391 1 0.113621 0.581734 1;
9450, 0.108375 0.572391 1 0.113621 0.581734 1;
9460, 0.108375 0.572391 1 0.113621 0.581734 1;
9470, 0.108375 0.572391 1 0.113621 0.581734 1;
9480, 0.108375 0.572391 1 0.113621 0.581734 1;
9490, 0.108375 0.572391 1 0.113621 0.581734 1;
9500, 0.108375 0.572391 1 0.113621 0.581734 1;
9510, 0.108375 0.572391 1 0.113621 0.581734 1;
9520, 0.108375 0.572391 1 0.113621 0.581734 1;
9530, 0.108375 0.572391 1 0.113621 0.581734 1;
9540, 0.108375 0.572391 1 0.113621 0.581734 1;
9550, 0.108375 0.572391 1 0.113621 0.581734 1;
9560, 0.108375 0.572391 1 0.113621 0.581734 1;
9570, 0.108375 0.572391 1 0.113621 0.581734 1;
9580, 0.108375 0.572391 1 0.113621 0.581734 1;
9590, 0.108375 0.572391 1 0.113621 0.581734 1;
9600, 0.108375 0.572391 1 0.113621 0.581734 1;
9610, 0.108375 0.572391 1 0.113621 0.581734 1;
9620, 0.108375 0.572391 1 0.113621 0.581734 1;
9630, 0.108375 0.572391 1 0.113621 0.581734 1;
9640, 0.108375 0.572391 1 0.113621 0.581734 1;
9650, 0.108375 0.572391 1 0.113621 0.581734 1;
9660, 0.108375 0.572391 1 0.113621 0.581734 1;
9670, 0.106271 0.571455 1 0.113621 0.581734 1;
9680, 0.106271 0.571455 1 0.113621 0.581734 1;
9690, 0.106271 0.571455 1 0.113621 0.581734 1;
9700, 0.106271 0.571455 1 0.113621 0.581734 1;
9710, 0.106271 0.571455 1 0.113621 0.581734 1;
9720, 0.106271 0.571455 1 0.113621 0.581734 1;
9730, 0.105745 0.57052 1 0.113621 0.581734 1;
9740, 0.105745 0.57052 1 0.113621 0.581734 1;
9750, 0.105745 0.57052 1 0.113621 0.581734 1;
9760, 0.105745 0.57052 1 0.113621 0.581734 1;
9770, 0.105745 0.567714 1 0.113621 0.581734 1;
9780, 0.105745 0.565844 1 0.113621 0.581734 1;
9790, 0.105745 0.565844 1 0.113621 0.581734 1;
9800, 0.105745 0.563038 1 0.113621 0.581734 1;
9810, 0.105745 0.560232 1 0.113621 0.581734 1;
9820, 0.106271 0.558361 1 0.113621 0.581734 1;
9830, 0.106271 0.555556 1 0.113621 0.581734 1;
9840, 0.106271 0.553685 1 0.113621 0.581734 1;
9850, 0.106797 0.549944 1 0.113621 0.581734 1;
9860, 0.107323 0.546203 1 0.113621 0.581734 1;
9870, 0.107849 0.544332 1 0.113621 0.581734 1;
9880, 0.107849 0.541526 1 0.113621 0.581734 1;
9890, 0.107849 0.541526 1 0.113621 0.581734 1;
9900, 0.108375 0.53685 1 0.113621 0.581734 1;
9910, 0.108375 0.534979 1 0.113621 0.581734 1;
9920, 0.108375 0.534044 1 0.113621 0.581734 1;
9930, 0.108375 0.529368 1 0.113621 0.581734 1;
9940, 0.108902 0.528432 1 0.113621 0.581734 1;
9950, 0.108902 0.525627 1 0.113621 0.581734 1;
9960, 0.108902 0.525627 1 0.113621 0.581734 1;
9970, 0.108902 0.522821 1 0.113621 0.581734 1;
9980, 0.108902 0.52095 1 0.113621 0.581734 1;
9990, 0.109428 0.520015 1 0.113621 0.581734 1;
10000, 0.109428 0.517209 1 0.113621 0.581734 1;
10010, 0.109428 0.514403 1 0.113621 0.581734 1;
10020, 0.109954 0.512533 1 0.113621 0.581734 1;
10030, 0.109954 0.509727 1 0.113621 0.581734 1;
10040, 0.109954 0.505051 1 0.113621 0.581734 1;
10050, 0.109954 0.50318 1 0.113621 0.581734 1;
10060, 0.109954 0.50318 1 0.113621 0.581734 1;
10070, 0.111006 0.492892 1 0.113621 0.581734 1;
10080, 0.112058 0.486345 1 0.113621 0.581734 1;
10090, 0.112058 0.486345 1 0.113621 0.581734 1;
10100, 0.11311 0.475122 1 0.113621 0.581734 1;
10110, 0.113636 0.470445 1 0.113621 0.581734 1;
10120, 0.113636 0.466704 1 0.113621 0.581734 1;
10130, 0.114162 0.459222 1 0.113621 0.581734 1;
10140, 0.114162 0.45174 1 0.113621 0.581734 1;
10150, 0.114689 0.448934 1 0.113621 0.581734 1;
10160, 0.114689 0.448934 1 0.113621 0.581734 1;
10170, 0.114689 0.439581 1 0.113621 0.581734 1;
10180, 0.114689 0.433969 1 0.113621 0.581734 1;
10190, 0.114689 0.433969 1 0.113621 0.581734 1;
10200, 0.115215 0.424617 1 0.111923 0.577488 1;
10210, 0.115215 0.420875 1 0.111073 0.574304 1;
10220, 0.115215 0.416199 1 0.110224 0.573242 1;
10230, 0.115215 0.405911 1 0.107677 0.566873 1;
10240, 0.115215 0.393752 1 0.105129 0.561566 1;
10250, 0.115215 0.387205 1 0.10428 0.559443 1;
10260, 0.115215 0.387205 1 0.10428 0.559443 1;
10270, 0.114689 0.367565 1 0.097486 0.550951 1;
10280, 0.114162 0.353535 1 0.094939 0.546705 1;
10290, 0.114162 0.353535 1 0.094939 0.546705 1;
10300, 0.112058 0.332959 1 0.094939 0.546705 1;
10310, 0.109954 0.319865 1 0.094939 0.546705 1;
10320, 0.108902 0.313318 1 0. 0. 0;
10330, 0.108902 0.313318 1 0. 0. 0;
10340, 0.108902 0.313318 1 0. 0. 0;
10350, 0. 0. 0 0. 0. 0;
10360, 0. 0. 0 0. 0. 0;
10370, 0. 0. 0 0. 0. 0;
10380, 0. 0. 0 0. 0. 0;
10390, 0. 0. 0 0. 0. 0;
10400, 0. 0. 0 0. 0. 0;
10410, 0. 0. 0 0. 0. 0;
10420, 0. 0. 0 0. 0. 0;
10430, 0. 0. 0 0. 0. 0;
10440, 0. 0. 0 0. 0. 0;
10450, 0. 0. 0 0. 0. 0;
10460, 0. 0. 0 0. 0. 0;
10470, 0. 0. 0 0. 0. 0;
10480, 0. 0. 0 0. 0. 0;
10490, 0. 0. 0 0. 0. 0;
10500, 0. 0. 0 0. 0. 0;
10510, 0. 0. 0 0. 0. 0;
10520, 0. 0. 0 0. 0. 0;
10530, 0. 0. 0 0. 0. 0;
10540, 0. 0. 0 0. 0. 0;
10550, 0. 0. 0 0. 0. 0;
10560, 0. 0. 0 0. 0. 0;
10570, 0. 0. 0 0. 0. 0;
10580, 0. 0. 0 0. 0. 0;
10590, 0. 0. 0 0. 0. 0;
10600, 0. 0. 0 0. 0. 0;
10610, 0. 0. 0 0. 0. 0;
10620, 0. 0. 0 0. 0. 0;
10630, 0. 0. 0 0. 0. 0;
10640, 0. 0. 0 0. 0. 0;
10650, 0. 0. 0 0. 0. 0;
10660, 0. 0. 0 0. 0. 0;
10670, 0. 0. 0 0. 0. 0;
10680, 0. 0. 0 0. 0. 0;
10690, 0. 0. 0 0. 0. 0;
10700, 0. 0. 0 0. 0. 0;
10710, 0. 0. 0 0. 0. 0;
10720, 0. 0. 0 0. 0. 0;
10730, 0. 0. 0 0. 0. 0;
10740, 0. 0. 0 0. 0. 0;
10750, 0. 0. 0 0. 0. 0;
10760, 0. 0. 0 0. 0. 0;
10770, 0. 0. 0 0. 0. 0;
10780, 0. 0. 0 0. 0. 0;
10790, 0. 0. 0 0. 0. 0;
10800, 0. 0. 0 0. 0. 0;
10810, 0. 0. 0 0. 0. 0;
10820, 0. 0. 0 0. 0. 0;
10830, 0. 0. 0 0. 0. 0;
10840, 0. 0. 0 0. 0. 0;
10850, 0. 0. 0 0. 0. 0;
10860, 0. 0. 0 0. 0. 0;
10870, 0. 0. 0 0. 0. 0;
10880, 0. 0. 0 0. 0. 0;
10890, 0. 0. 0 0. 0. 0;
10900, 0. 0. 0 0. 0. 0;
10910, 0. 0. 0 0. 0. 0;
10920, 0. 0. 0 0. 0. 0;
10930, 0. 0. 0 0. 0. 0;
10940, 0. 0. 0 0. 0. 0;
10950, 0. 0. 0 0. 0. 0;
10960, 0. 0. 0 0. 0. 0;
10970, 0. 0. 0 0. 0. 0;
10980, 0. 0. 0 0. 0. 0;
10990, 0. 0. 0 0. 0. 0;
11000, 0. 0. 0 0. 0. 0;
11010, 0. 0. 0 0. 0. 0;
11020, 0. 0. 0 0. 0. 0;
11030, 0. 0. 0 0. 0. 0;
11040, 0. 0. 0 0. 0. 0;
11050, 0. 0. 0 0. 0. 0;
11060, 0. 0. 0 0. 0. 0;
11070, 0. 0. 0 0. 0. 0;
11080, 0. 0. 0 0. 0. 0;
11090, 0. 0. 0 0. 0. 0;
11100, 0. 0. 0 0. 0. 0;
11110, 0. 0. 0 0. 0. 0;
11120, 0. 0. 0 0. 0. 0;
11130, 0. 0. 0 0. 0. 0;
11140, 0. 0. 0 0. 0. 0;
11150, 0. 0. 0 0. 0. 0;
11160, 0. 0. 0 0. 0. 0;
11170, 0. 0. 0 0. 0. 0;
11180, 0. 0. 0 0. 0. 0;
11190, 0. 0. 0 0. 0. 0;
11200, 0. 0. 0 0. 0. 0;
11210, 0. 0. 0 0. 0. 0;
11220, 0. 0. 0 0. 0. 0;
11230, 0. 0. 0 0. 0. 0;
11240, 0. 0. 0 0. 0. 0;
11250, 0. 0. 0 0. 0. 0;
11260, 0. 0. 0 0. 0. 0;
11270, 0. 0. 0 0. 0. 0;
11280, 0. 0. 0 0. 0. 0;
11290, 0. 0. 0 0. 0. 0;
11300, 0. 0. 0 0. 0. 0;
11310, 0. 0. 0 0. 0. 0;
11320, 0. 0. 0 0. 0. 0;
11330, 0. 0. 0 0. 0. 0;
11340, 0. 0. 0 0. 0. 0;
11350, 0. 0. 0 0. 0. 0;
11360, 0. 0. 0 0. 0. 0;
11370, 0. 0. 0 0. 0. 0;
11380, 0. 0. 0 0. 0. 0;
11390, 0. 0. 0 0. 0. 0;
11400, 0. 0. 0 0. 0. 0;
11410, 0. 0. 0 0. 0. 0;
11420, 0. 0. 0 0. 0. 0;
11430, 0. 0. 0 0. 0. 0;
11440, 0. 0. 0 0. 0. 0;
11450, 0. 0. 0 0. 0. 0;
11460, 0. 0. 0 0. 0. 0;
11470, 0. 0. 0 0. 0. 0;
11480, 0. 0. 0 0. 0. 0;
11490, 0. 0. 0 0. 0. 0;
11500, 0. 0. 0 0. 0. 0;
11510, 0. 0. 0 0. 0. 0;
11520, 0. 0. 0 0. 0. 0;
11530, 0. 0. 0 0. 0. 0;
11540, 0. 0. 0 0. 0. 0;
11550, 0. 0. 0 0. 0. 0;
11560, 0. 0. 0 0. 0. 0;
11570, 0. 0. 0 0. 0. 0;
11580, 0. 0. 0 0. 0. 0;
11590, 0. 0. 0 0. 0. 0;
11600, 0. 0. 0 0. 0. 0;
11610, 0. 0. 0 0. 0. 0;
11620, 0. 0. 0 0. 0. 0;
11630, 0. 0. 0 0. 0. 0;
11640, 0. 0. 0 0. 0. 0;
11650, 0. 0. 0 0. 0. 0;
11660, 0. 0. 0 0. 0. 0;
11670, 0. 0. 0 0. 0. 0;
11680, 0. 0. 0 0. 0. 0;
11690, 0. 0. 0 0. 0. 0;
11700, 0. 0. 0 0. 0. 0;
11710, 0. 0. 0 0. 0. 0;
11720, 0. 0. 0 0. 0. 0;
11730, 0. 0. 0 0. 0. 0;
11740, 0. 0. 0 0. 0. 0;
11750, 0. 0. 0 0. 0. 0;
11760, 0. 0. 0 0. 0. 0;
11770, 0. 0. 0 0. 0. 0;
11780, 0. 0. 0 0. 0. 0;
11790, 0. 0. 0 0. 0. 0;
11800, 0. 0. 0 0. 0. 0;
11810, 0. 0. 0 0. 0. 0;
11820, 0. 0. 0 0. 0. 0;
11830, 0. 0. 0 0. 0. 0;
11840, 0. 0. 0 0. 0. 0;
11850, 0. 0. 0 0. 0. 0;
11860, 0. 0. 0 0. 0. 0;
11870, 0. 0. 0 0. 0. 0;
11880, 0. 0. 0 0. 0. 0;
11890, 0. 0. 0 0. 0. 0;
11900, 0. 0. 0 0. 0. 0;
11910, 0. 0. 0 0. 0. 0;
11920, 0. 0. 0 0. 0. 0;
11930, 0. 0. 0 0. 0. 0;
11940, 0. 0. 0 0. 0. 0;
11950, 0. 0. 0 0. 0. 0;
11960, 0. 0. 0 0. 0. 0;
11970, 0. 0. 0 0. 0. 0;
11980, 0. 0. 0 0. 0. 0;
11990, 0. 0. 0 0. 0. 0;
12000, 0. 0. 0 0. 0. 0;
12010, 0. 0. 0 0. 0. 0;
12020, 0. 0. 0 0. 0. 0;
12030, 0. 0. 0 0. 0. 0;
12040, 0. 0. 0 0. 0. 0;
12050, 0. 0. 0 0. 0. 0;
12060, 0. 0. 0 0. 0. 0;
12070, 0. 0. 0 0. 0. 0;
12080, 0. 0. 0 0. 0. 0;
12090, 0. 0. 0 0. 0. 0;
12100, 0. 0. 0 0. 0. 0;
12110, 0. 0. 0 0. 0. 0;
12120, 0. 0. 0 0. 0. 0;
12130, 0. 0. 0 0. 0. 0;
12140, 0. 0. 0 0. 0. 0;
12150, 0. 0. 0 0. 0. 0;
12160, 0. 0. 0 0. 0. 0;
12170, 0. 0. 0 0. 0. 0;
12180, 0. 0. 0 0. 0. 0;
12190, 0. 0. 0 0. 0. 0;
12200, 0. 0. 0 0. 0. 0;
12210, 0. 0. 0 0. 0. 0;
12220, 0. 0. 0 0. 0. 0;
12230, 0. 0. 0 0. 0. 0;
12240, 0. 0. 0 0. 0. 0;
12250, 0. 0. 0 0. 0. 0;
12260, 0. 0. 0 0. 0. 0;
12270, 0. 0. 0 0. 0. 0;
12280, 0. 0. 0 0. 0. 0;
12290, 0. 0. 0 0. 0. 0;
12300, 0. 0. 0 0. 0. 0;
12310, 0. 0. 0 0. 0. 0;
12320, 0. 0. 0 0. 0. 0;
12330, 0. 0. 0 0. 0. 0;
12340, 0. 0. 0 0. 0. 0;
12350, 0. 0. 0 0. 0. 0;
12360, 0. 0. 0 0. 0. 0;
12370, 0. 0. 0 0. 0. 0;
12380, 0. 0. 0 0. 0. 0;
12390, 0. 0. 0 0. 0. 0;
12400, 0. 0. 0 0. 0. 0;
12410, 0. 0. 0 0. 0. 0;
12420, 0. 0. 0 0. 0. 0;
12430, 0. 0. 0 0. 0. 0;
12440, 0. 0. 0 0. 0. 0;
12450, 0. 0. 0 0. 0. 0;
12460, 0. 0. 0 0. 0. 0;
12470, 0. 0. 0 0. 0. 0;
12480, 0. 0. 0 0. 0. 0;
12490, 0. 0. 0 0. 0. 0;
12500, 0. 0. 0 0. 0. 0;
12510, 0. 0. 0 0. 0. 0;
12520, 0. 0. 0 0. 0. 0;
12530, 0. 0. 0 0. 0. 0;
12540, 0. 0. 0 0. 0. 0;
12550, 0. 0. 0 0. 0. 0;
12560, 0. 0. 0 0. 0. 0;
12570, 0. 0. 0 0. 0. 0;
12580, 0. 0. 0 0. 0. 0;
12590, 0. 0. 0 0. 0. 0;
12600, 0. 0. 0 0. 0. 0;
12610, 0. 0. 0 0. 0. 0;
12620, 0. 0. 0 0. 0. 0;
12630, 0. 0. 0 0. 0. 0;
12640, 0. 0. 0 0. 0. 0;
12650, 0. 0. 0 0. 0. 0;
12660, 0. 0. 0 0. 0. 0;
12670, 0. 0. 0 0. 0. 0;
12680, 0. 0. 0 0. 0. 0;
12690, 0. 0. 0 0. 0. 0;
12700, 0. 0. 0 0. 0. 0;
12710, 0. 0. 0 0. 0. 0;
12720, 0. 0. 0 0. 0. 0;
12730, 0. 0. 0 0. 0. 0;
12740, 0. 0. 0 0. 0. 0;
12750, 0. 0. 0 0. 0. 0;
12760, 0. 0. 0 0. 0. 0;
12770, 0. 0. 0 0. 0. 0;
12780, 0. 0. 0 0. 0. 0;
12790, 0. 0. 0 0. 0. 0;
12800, 0. 0. 0 0. 0. 0;
12810, 0. 0. 0 0. 0. 0;
12820, 0. 0. 0 0. 0. 0;
12830, 0. 0. 0 0. 0. 0;
12840, 0. 0. 0 0. 0. 0;
12850, 0. 0. 0 0. 0. 0;
12860, 0. 0. 0 0. 0. 0;
12870, 0. 0. 0 0. 0. 0;
12880, 0. 0. 0 0. 0. 0;
12890, 0. 0. 0 0. 0. 0;
12900, 0. 0. 0 0. 0. 0;
12910, 0. 0. 0 0. 0. 0;
12920, 0. 0. 0 0. 0. 0;
12930, 0. 0. 0 0. 0. 0;
12940, 0. 0. 0 0. 0. 0;
12950, 0. 0. 0 0. 0. 0;
12960, 0. 0. 0 0. 0. 0;
12970, 0. 0. 0 0. 0. 0;
12980, 0. 0. 0 0. 0. 0;
12990, 0. 0. 0 0. 0. 0;
13000, 0. 0. 0 0. 0. 0;
13010, 0. 0. 0 0. 0. 0;
13020, 0. 0. 0 0. 0. 0;
13030, 0. 0. 0 0. 0. 0;
13040, 0. 0. 0 0. 0. 0;
13050, 0. 0. 0 0. 0. 0;
13060, 0. 0. 0 0. 0. 0;
13070, 0. 0. 0 0. 0. 0;
13080, 0. 0. 0 0. 0. 0;
13090, 0. 0. 0 0. 0. 0;
13100, 0. 0. 0 0. 0. 0;
13110, 0. 0. 0 0. 0. 0;
13120, 0. 0. 0 0. 0. 0;
13130, 0. 0. 0 0. 0. 0;
13140, 0. 0. 0 0. 0. 0;
13150, 0. 0. 0 0. 0. 0;
13160, 0. 0. 0 0. 0. 0;
13170, 0. 0. 0 0. 0. 0;
13180, 0. 0. 0 0. 0. 0;
13190, 0. 0. 0 0. 0. 0;
13200, 0. 0. 0 0. 0. 0;
13210, 0. 0. 0 0. 0. 0;
13220, 0. 0. 0 0. 0. 0;
13230, 0. 0. 0 0. 0. 0;
13240, 0. 0. 0 0. 0. 0;
13250, 0. 0. 0 0. 0. 0;
13260, 0. 0. 0 0. 0. 0;
13270, 0. 0. 0 0. 0. 0;
13280, 0. 0. 0 0. 0. 0;
13290, 0. 0. 0 0. 0. 0;
13300, 0. 0. 0 0. 0. 0;
13310, 0. 0. 0 0. 0. 0;
13320, 0. 0. 0 0. 0. 0;
13330, 0. 0. 0 0. 0. 0;
13340, 0. 0. 0 0. 0. 0;
13350, 0. 0. 0 0. 0. 0;
13360, 0. 0. 0 0. 0. 0;
13370, 0. 0. 0 0. 0. 0;
13380, 0. 0. 0 0. 0. 0;
13390, 0. 0. 0 0. 0. 0;
13400, 0. 0. 0 0. 0. 0;
13410, 0. 0. 0 0. 0. 0;
13420, 0. 0. 0 0. 0. 0;
13430, 0. 0. 0 0. 0. 0;
13440, 0. 0. 0 0. 0. 0;
13450, 0. 0. 0 0. 0. 0;
13460, 0. 0. 0 0. 0. 0;
13470, 0. 0. 0 0. 0. 0;
13480, 0. 0. 0 0. 0. 0;
13490, 0. 0. 0 0. 0. 0;
13500, 0. 0. 0 0. 0. 0;
13510, 0. 0. 0 0. 0. 0;
13520, 0. 0. 0 0. 0. 0;
13530, 0. 0. 0 0. 0. 0;
13540, 0. 0. 0 0. 0. 0;
13550, 0. 0. 0 0. 0. 0;
13560, 0. 0. 0 0. 0. 0;
13570, 0. 0. 0 0. 0. 0;
13580, 0. 0. 0 0. 0. 0;
13590, 0. 0. 0 0. 0. 0;
13600, 0. 0. 0 0. 0. 0;
13610, 0. 0. 0 0. 0. 0;
13620, 0. 0. 0 0. 0. 0;
13630, 0. 0. 0 0. 0. 0;
13640, 0. 0. 0 0. 0. 0;
13650, 0. 0. 0 0. 0. 0;
13660, 0. 0. 0 0. 0. 0;
13670, 0. 0. 0 0. 0. 0;
13680, 0. 0. 0 0. 0. 0;
13690, 0. 0. 0 0. 0. 0;
13700, 0. 0. 0 0. 0. 0;
13710, 0. 0. 0 0. 0. 0;
13720, 0. 0. 0 0. 0. 0;
13730, 0. 0. 0 0. 0. 0;
13740, 0. 0. 0 0. 0. 0;
13750, 0. 0. 0 0. 0. 0;
13760, 0. 0. 0 0. 0. 0;
13770, 0. 0. 0 0. 0. 0;
13780, 0. 0. 0 0. 0. 0;
13790, 0. 0. 0 0. 0. 0;
13800, 0. 0. 0 0. 0. 0;
13810, 0. 0. 0 0. 0. 0;
13820, 0. 0. 0 0. 0. 0;
13830, 0. 0. 0 0. 0. 0;
13840, 0. 0. 0 0. 0. 0;
13850, 0. 0. 0 0. 0. 0;
13860, 0. 0. 0 0. 0. 0;
13870, 0. 0. 0 0. 0. 0;
13880, 0. 0. 0 0. 0. 0;
13890, 0. 0. 0 0. 0. 0;
13900, 0. 0. 0 0. 0. 0;
13910, 0. 0. 0 0. 0. 0;
13920, 0. 0. 0 0. 0. 0;
13930, 0. 0. 0 0. 0. 0;
13940, 0. 0. 0 0. 0. 0;
13950, 0. 0. 0 0. 0. 0;
13960, 0. 0. 0 0. 0. 0;
13970, 0. 0. 0 0. 0. 0;
13980, 0. 0. 0 0. 0. 0;
13990, 0. 0. 0 0. 0. 0;
14000, 0. 0. 0 0. 0. 0;
14010, 0. 0. 0 0. 0. 0;
14020, 0. 0. 0 0. 0. 0;
14030, 0. 0. 0 0. 0. 0;
14040, 0. 0. 0 0. 0. 0;
14050, 0. 0. 0 0. 0. 0;
14060, 0. 0. 0 0. 0. 0;
14070, 0. 0. 0 0. 0. 0;
14080, 0. 0. 0 0. 0. 0;
14090, 0. 0. 0 0. 0. 0;
14100, 0. 0. 0 0. 0. 0;
14110, 0. 0. 0 0. 0. 0;
14120, 0. 0. 0 0. 0. 0;
14130, 0. 0. 0 0. 0. 0;
14140, 0. 0. 0 0. 0. 0;
14150, 0. 0. 0 0. 0. 0;
14160, 0. 0. 0 0. 0. 0;
14170, 0. 0. 0 0. 0. 0;
14180, 0. 0. 0 0. 0. 0;
14190, 0. 0. 0 0. 0. 0;
14200, 0. 0. 0 0. 0. 0;
14210, 0. 0. 0 0. 0. 0;
14220, 0. 0. 0 0. 0. 0;
14230, 0. 0. 0 0. 0. 0;
14240, 0. 0. 0 0. 0. 0;
