0, 0. 0. 0 0. 0. 0;
10, 0. 0. 0 0. 0. 0;
20, 0. 0. 0 0. 0. 0;
30, 0. 0. 0 0. 0. 0;
40, 0. 0. 0 0. 0. 0;
50, 0. 0. 0 0. 0. 0;
60, 0. 0. 0 0. 0. 0;
70, 0. 0. 0 0. 0. 0;
80, 0. 0. 0 0. 0. 0;
90, 0. 0. 0 0. 0. 0;
100, 0. 0. 0 0. 0. 0;
110, 0. 0. 0 0. 0. 0;
120, 0. 0. 0 0. 0. 0;
130, 0. 0. 0 0. 0. 0;
140, 0. 0. 0 0. 0. 0;
150, 0. 0. 0 0. 0. 0;
160, 0. 0. 0 0. 0. 0;
170, 0. 0. 0 0. 0. 0;
180, 0. 0. 0 0. 0. 0;
190, 0. 0. 0 0. 0. 0;
200, 0. 0. 0 0. 0. 0;
210, 0. 0. 0 0. 0. 0;
220, 0. 0. 0 0. 0. 0;
230, 0. 0. 0 0. 0. 0;
240, 0. 0. 0 0. 0. 0;
250, 0. 0. 0 0. 0. 0;
260, 0. 0. 0 0. 0. 0;
270, 0. 0. 0 0. 0. 0;
280, 0. 0. 0 0. 0. 0;
290, 0. 0. 0 0. 0. 0;
300, 0. 0. 0 0. 0. 0;
310, 0. 0. 0 0. 0. 0;
320, 0. 0. 0 0. 0. 0;
330, 0. 0. 0 0. 0. 0;
340, 0. 0. 0 0. 0. 0;
350, 0. 0. 0 0. 0. 0;
360, 0. 0. 0 0. 0. 0;
370, 0. 0. 0 0. 0. 0;
380, 0. 0. 0 0. 0. 0;
390, 0. 0. 0 0. 0. 0;
400, 0. 0. 0 0. 0. 0;
410, 0. 0. 0 0. 0. 0;
420, 0. 0. 0 0. 0. 0;
430, 0. 0. 0 0. 0. 0;
440, 0. 0. 0 0. 0. 0;
450, 0. 0. 0 0. 0. 0;
460, 0. 0. 0 0. 0. 0;
470, 0. 0. 0 0. 0. 0;
480, 0. 0. 0 0. 0. 0;
490, 0. 0. 0 0. 0. 0;
500, 0. 0. 0 0. 0. 0;
510, 0. 0. 0 0. 0. 0;
520, 0. 0. 0 0. 0. 0;
530, 0. 0. 0 0. 0. 0;
540, 0. 0. 0 0. 0. 0;
550, 0. 0. 0 0. 0. 0;
560, 0. 0. 0 0. 0. 0;
570, 0. 0. 0 0. 0. 0;
580, 0. 0. 0 0. 0. 0;
590, 0. 0. 0 0. 0. 0;
600, 0. 0. 0 0. 0. 0;
610, 0. 0. 0 0. 0. 0;
620, 0. 0. 0 0. 0. 0;
630, 0. 0. 0 0. 0. 0;
640, 0. 0. 0 0. 0. 0;
650, 0. 0. 0 0. 0. 0;
660, 0. 0. 0 0. 0. 0;
670, 0. 0. 0 0. 0. 0;
680, 0. 0. 0 0. 0. 0;
690, 0. 0. 0 0. 0. 0;
700, 0. 0. 0 0. 0. 0;
710, 0. 0. 0 0. 0. 0;
720, 0. 0. 0 0. 0. 0;
730, 0. 0. 0 0. 0. 0;
740, 0. 0. 0 0. 0. 0;
750, 0. 0. 0 0. 0. 0;
760, 0. 0. 0 0. 0. 0;
770, 0. 0. 0 0. 0. 0;
780, 0. 0. 0 0. 0. 0;
790, 0. 0. 0 0. 0. 0;
800, 0. 0. 0 0. 0. 0;
810, 0. 0. 0 0. 0. 0;
820, 0. 0. 0 0. 0. 0;
830, 0. 0. 0 0. 0. 0;
840, 0. 0. 0 0. 0. 0;
850, 0. 0. 0 0. 0. 0;
860, 0. 0. 0 0. 0. 0;
870, 0. 0. 0 0. 0. 0;
880, 0. 0. 0 0. 0. 0;
890, 0. 0. 0 0. 0. 0;
900, 0. 0. 0 0. 0. 0;
910, 0. 0. 0 0. 0. 0;
920, 0. 0. 0 0. 0. 0;
930, 0. 0. 0 0. 0. 0;
940, 0. 0. 0 0. 0. 0;
950, 0. 0. 0 0. 0. 0;
960, 0. 0. 0 0. 0. 0;
970, 0. 0. 0 0. 0. 0;
980, 0. 0. 0 0. 0. 0;
990, 0. 0. 0 0. 0. 0;
1000, 0. 0. 0 0. 0. 0;
1010, 0. 0. 0 0. 0. 0;
1020, 0. 0. 0 0. 0. 0;
1030, 0. 0. 0 0. 0. 0;
1040, 0. 0. 0 0. 0. 0;
1050, 0. 0. 0 0. 0. 0;
1060, 0. 0. 0 0. 0. 0;
1070, 0. 0. 0 0. 0. 0;
1080, 0. 0. 0 0. 0. 0;
1090, 0. 0. 0 0. 0. 0;
1100, 0. 0. 0 0. 0. 0;
1110, 0. 0. 0 0. 0. 0;
1120, 0. 0. 0 0. 0. 0;
1130, 0. 0. 0 0. 0. 0;
1171, 0. 0. 0 0. 0. 0;
1181, 0. 0. 0 0. 0. 0;
1191, 0. 0. 0 0. 0. 0;
1201, 0. 0. 0 0. 0. 0;
1211, 0. 0. 0 0. 0. 0;
1221, 0. 0. 0 0. 0. 0;
1231, 0. 0. 0 0. 0. 0;
1241, 0. 0. 0 0. 0. 0;
1251, 0. 0. 0 0. 0. 0;
1261, 0. 0. 0 0. 0. 0;
1271, 0. 0. 0 0. 0. 0;
1281, 0. 0. 0 0. 0. 0;
1291, 0. 0. 0 0. 0. 0;
1301, 0. 0. 0 0. 0. 0;
1311, 0. 0. 0 0. 0. 0;
1321, 0. 0. 0 0. 0. 0;
1331, 0. 0. 0 0. 0. 0;
1341, 0. 0. 0 0. 0. 0;
1351, 0. 0. 0 0. 0. 0;
1361, 0. 0. 0 0. 0. 0;
1371, 0. 0. 0 0. 0. 0;
1381, 0. 0. 0 0. 0. 0;
1391, 0. 0. 0 0. 0. 0;
1401, 0. 0. 0 0. 0. 0;
1411, 0. 0. 0 0. 0. 0;
1421, 0. 0. 0 0. 0. 0;
1431, 0. 0. 0 0. 0. 0;
1441, 0. 0. 0 0. 0. 0;
1451, 0. 0. 0 0. 0. 0;
1461, 0. 0. 0 0. 0. 0;
1471, 0. 0. 0 0. 0. 0;
1481, 0. 0. 0 0. 0. 0;
1491, 0. 0. 0 0. 0. 0;
1501, 0. 0. 0 0. 0. 0;
1511, 0. 0. 0 0. 0. 0;
1521, 0. 0. 0 0. 0. 0;
1531, 0. 0. 0 0. 0. 0;
1541, 0. 0. 0 0. 0. 0;
1551, 0. 0. 0 0. 0. 0;
1561, 0. 0. 0 0. 0. 0;
1571, 0. 0. 0 0. 0. 0;
1581, 0. 0. 0 0. 0. 0;
1591, 0. 0. 0 0. 0. 0;
1601, 0. 0. 0 0. 0. 0;
1611, 0. 0. 0 0. 0. 0;
1621, 0. 0. 0 0. 0. 0;
1631, 0. 0. 0 0. 0. 0;
1641, 0. 0. 0 0. 0. 0;
1651, 0. 0. 0 0. 0. 0;
1661, 0. 0. 0 0. 0. 0;
1671, 0. 0. 0 0. 0. 0;
1681, 0. 0. 0 0. 0. 0;
1691, 0. 0. 0 0. 0. 0;
1701, 0. 0. 0 0. 0. 0;
1711, 0. 0. 0 0. 0. 0;
1721, 0. 0. 0 0. 0. 0;
1731, 0. 0. 0 0. 0. 0;
1741, 0. 0. 0 0. 0. 0;
1751, 0. 0. 0 0. 0. 0;
1761, 0. 0. 0 0. 0. 0;
1771, 0. 0. 0 0. 0. 0;
1781, 0. 0. 0 0. 0. 0;
1791, 0. 0. 0 0. 0. 0;
1801, 0. 0. 0 0. 0. 0;
1811, 0. 0. 0 0. 0. 0;
1821, 0. 0. 0 0. 0. 0;
1831, 0. 0. 0 0. 0. 0;
1841, 0. 0. 0 0. 0. 0;
1851, 0. 0. 0 0. 0. 0;
1861, 0. 0. 0 0. 0. 0;
1871, 0. 0. 0 0. 0. 0;
1881, 0. 0. 0 0. 0. 0;
1891, 0. 0. 0 0. 0. 0;
1901, 0. 0. 0 0. 0. 0;
1911, 0. 0. 0 0. 0. 0;
1921, 0. 0. 0 0. 0. 0;
1931, 0. 0. 0 0. 0. 0;
1941, 0. 0. 0 0. 0. 0;
1951, 0. 0. 0 0. 0. 0;
1961, 0. 0. 0 0. 0. 0;
1971, 0. 0. 0 0. 0. 0;
1981, 0. 0. 0 0. 0. 0;
1991, 0. 0. 0 0. 0. 0;
2001, 0. 0. 0 0. 0. 0;
2011, 0. 0. 0 0. 0. 0;
2021, 0. 0. 0 0. 0. 0;
2031, 0. 0. 0 0. 0. 0;
2041, 0. 0. 0 0. 0. 0;
2051, 0. 0. 0 0. 0. 0;
2061, 0. 0. 0 0. 0. 0;
2071, 0. 0. 0 0. 0. 0;
2081, 0. 0. 0 0. 0. 0;
2091, 0. 0. 0 0. 0. 0;
2101, 0. 0. 0 0. 0. 0;
2111, 0. 0. 0 0. 0. 0;
2121, 0. 0. 0 0. 0. 0;
2131, 0. 0. 0 0. 0. 0;
2141, 0. 0. 0 0. 0. 0;
2151, 0. 0. 0 0. 0. 0;
2161, 0. 0. 0 0. 0. 0;
2171, 0. 0. 0 0. 0. 0;
2181, 0. 0. 0 0. 0. 0;
2191, 0. 0. 0 0. 0. 0;
2201, 0. 0. 0 0. 0. 0;
2211, 0. 0. 0 0. 0. 0;
2221, 0. 0. 0 0. 0. 0;
2231, 0. 0. 0 0. 0. 0;
2241, 0. 0. 0 0. 0. 0;
2251, 0. 0. 0 0. 0. 0;
2261, 0. 0. 0 0. 0. 0;
2271, 0. 0. 0 0. 0. 0;
2281, 0. 0. 0 0. 0. 0;
2291, 0. 0. 0 0. 0. 0;
2301, 0. 0. 0 0. 0. 0;
2311, 0. 0. 0 0. 0. 0;
2321, 0. 0. 0 0. 0. 0;
2331, 0. 0. 0 0. 0. 0;
2341, 0. 0. 0 0. 0. 0;
2351, 0. 0. 0 0. 0. 0;
2361, 0. 0. 0 0. 0. 0;
2371, 0. 0. 0 0. 0. 0;
2381, 0. 0. 0 0. 0. 0;
2391, 0. 0. 0 0. 0. 0;
2401, 0. 0. 0 0. 0. 0;
2411, 0. 0. 0 0. 0. 0;
2421, 0. 0. 0 0. 0. 0;
2431, 0. 0. 0 0. 0. 0;
2441, 0. 0. 0 0. 0. 0;
2451, 0. 0. 0 0. 0. 0;
2461, 0. 0. 0 0. 0. 0;
2471, 0. 0. 0 0. 0. 0;
2481, 0. 0. 0 0. 0. 0;
2491, 0. 0. 0 0. 0. 0;
2501, 0. 0. 0 0. 0. 0;
2511, 0. 0. 0 0. 0. 0;
2521, 0. 0. 0 0. 0. 0;
2531, 0. 0. 0 0. 0. 0;
2541, 0. 0. 0 0. 0. 0;
2551, 0. 0. 0 0. 0. 0;
2561, 0. 0. 0 0. 0. 0;
2571, 0. 0. 0 0. 0. 0;
2581, 0. 0. 0 0. 0. 0;
2591, 0. 0. 0 0. 0. 0;
2601, 0. 0. 0 0. 0. 0;
2611, 0. 0. 0 0. 0. 0;
2621, 0. 0. 0 0. 0. 0;
2631, 0. 0. 0 0. 0. 0;
2641, 0. 0. 0 0. 0. 0;
2651, 0. 0. 0 0. 0. 0;
2661, 0. 0. 0 0. 0. 0;
2671, 0. 0. 0 0. 0. 0;
2681, 0. 0. 0 0. 0. 0;
2691, 0. 0. 0 0. 0. 0;
2701, 0. 0. 0 0. 0. 0;
2711, 0. 0. 0 0. 0. 0;
2721, 0. 0. 0 0. 0. 0;
2731, 0. 0. 0 0. 0. 0;
2741, 0. 0. 0 0. 0. 0;
2751, 0. 0. 0 0. 0. 0;
2761, 0. 0. 0 0. 0. 0;
2771, 0. 0. 0 0. 0. 0;
2781, 0. 0. 0 0. 0. 0;
2791, 0. 0. 0 0. 0. 0;
2801, 0. 0. 0 0. 0. 0;
2811, 0. 0. 0 0. 0. 0;
2821, 0. 0. 0 0. 0. 0;
2831, 0. 0. 0 0. 0. 0;
2841, 0. 0. 0 0. 0. 0;
2851, 0. 0. 0 0. 0. 0;
2861, 0. 0. 0 0. 0. 0;
2871, 0. 0. 0 0. 0. 0;
2881, 0. 0. 0 0. 0. 0;
2891, 0. 0. 0 0. 0. 0;
2901, 0. 0. 0 0. 0. 0;
2911, 0. 0. 0 0. 0. 0;
2921, 0.755471 0.174897 1 0. 0. 0;
2931, 0.755471 0.174897 1 0. 0. 0;
2941, 0.755471 0.174897 1 0. 0. 0;
2951, 0.755471 0.174897 1 0. 0. 0;
2961, 0.755471 0.174897 1 0.730129 0.151834 1;
2971, 0.755471 0.174897 1 0.730129 0.151834 1;
2981, 0.755471 0.174897 1 0.730129 0.151834 1;
2991, 0.755471 0.174897 1 0.730129 0.151834 1;
3001, 0.755471 0.174897 1 0.730129 0.151834 1;
3011, 0.755471 0.174897 1 0.730129 0.151834 1;
3021, 0.755471 0.174897 1 0.730129 0.151834 1;
3031, 0.755471 0.174897 1 0.730129 0.151834 1;
3041, 0.755471 0.174897 1 0.730129 0.151834 1;
3051, 0.755471 0.174897 1 0.730129 0.151834 1;
3061, 0.755471 0.174897 1 0.730129 0.151834 1;
3071, 0.755471 0.174897 1 0.730129 0.151834 1;
3081, 0.755471 0.174897 1 0.730129 0.151834 1;
3091, 0.755471 0.174897 1 0.730129 0.151834 1;
3101, 0.755471 0.174897 1 0.730129 0.151834 1;
3111, 0.755471 0.174897 1 0.730129 0.151834 1;
3121, 0.755471 0.174897 1 0.730129 0.151834 1;
3131, 0.755471 0.174897 1 0.730129 0.151834 1;
3141, 0.755471 0.174897 1 0.730129 0.151834 1;
3151, 0.755471 0.174897 1 0.730129 0.151834 1;
3161, 0.755471 0.174897 1 0.730129 0.151834 1;
3171, 0.755471 0.174897 1 0.730129 0.151834 1;
3181, 0.755471 0.174897 1 0.730129 0.151834 1;
3191, 0.755471 0.174897 1 0.730129 0.151834 1;
3201, 0.755471 0.174897 1 0.730129 0.151834 1;
3211, 0.755471 0.174897 1 0.730129 0.151834 1;
3221, 0.755471 0.174897 1 0.730129 0.151834 1;
3231, 0.755471 0.174897 1 0.730129 0.151834 1;
3241, 0.755471 0.174897 1 0.730129 0.151834 1;
3251, 0.755471 0.174897 1 0.730129 0.151834 1;
3261, 0.755471 0.174897 1 0.730129 0.151834 1;
3271, 0.755471 0.174897 1 0.730129 0.151834 1;
3281, 0.755471 0.174897 1 0.730129 0.151834 1;
3291, 0.755471 0.174897 1 0.730129 0.151834 1;
3301, 0.755471 0.174897 1 0.730129 0.151834 1;
3311, 0.755471 0.174897 1 0.730129 0.151834 1;
3321, 0.755471 0.174897 1 0.730129 0.151834 1;
3331, 0.755471 0.174897 1 0.730129 0.151834 1;
3341, 0.755471 0.174897 1 0.730129 0.151834 1;
3351, 0.755471 0.174897 1 0.730129 0.151834 1;
3361, 0.755471 0.174897 1 0.730129 0.151834 1;
3371, 0.755471 0.174897 1 0.730129 0.151834 1;
3381, 0.755471 0.174897 1 0.730129 0.151834 1;
3391, 0.755471 0.174897 1 0.730129 0.151834 1;
3401, 0.755471 0.174897 1 0.730129 0.151834 1;
3411, 0.755471 0.174897 1 0.730129 0.151834 1;
3421, 0.755471 0.174897 1 0.730129 0.151834 1;
3431, 0.755471 0.174897 1 0.730129 0.151834 1;
3441, 0.755471 0.174897 1 0.730129 0.151834 1;
3451, 0.755471 0.174897 1 0.730129 0.151834 1;
3461, 0.755471 0.174897 1 0.730129 0.151834 1;
3471, 0.755471 0.174897 1 0.730129 0.151834 1;
3481, 0.755471 0.174897 1 0.730129 0.151834 1;
3491, 0.755471 0.174897 1 0.730129 0.151834 1;
3501, 0.755471 0.174897 1 0.730129 0.151834 1;
3511, 0.755471 0.174897 1 0.730129 0.151834 1;
3521, 0.755471 0.174897 1 0.730129 0.151834 1;
3531, 0.755471 0.174897 1 0.730129 0.151834 1;
3541, 0.755471 0.174897 1 0.730129 0.151834 1;
3551, 0.755471 0.174897 1 0.730129 0.151834 1;
3561, 0.755471 0.174897 1 0.730129 0.151834 1;
3571, 0.755471 0.174897 1 0.730129 0.151834 1;
3581, 0.755471 0.174897 1 0.730129 0.151834 1;
3591, 0.755471 0.174897 1 0.730129 0.151834 1;
3601, 0.755471 0.174897 1 0.730129 0.151834 1;
3611, 0.755471 0.174897 1 0.730129 0.151834 1;
3621, 0.755471 0.174897 1 0.730129 0.151834 1;
3631, 0.755471 0.174897 1 0.730129 0.151834 1;
3641, 0.755471 0.174897 1 0.730129 0.151834 1;
3651, 0.755471 0.174897 1 0.730129 0.151834 1;
3661, 0.755471 0.174897 1 0.730129 0.151834 1;
3671, 0.755471 0.174897 1 0.730129 0.151834 1;
3681, 0.755471 0.174897 1 0.730129 0.151834 1;
3691, 0.755471 0.174897 1 0.730129 0.151834 1;
3701, 0.755471 0.174897 1 0.730129 0.151834 1;
3711, 0.755471 0.174897 1 0.730129 0.151834 1;
3721, 0.755471 0.174897 1 0.730129 0.151834 1;
3731, 0.755471 0.174897 1 0.730129 0.151834 1;
3741, 0.755471 0.174897 1 0.730129 0.151834 1;
3751, 0.755471 0.174897 1 0.730129 0.151834 1;
3761, 0.755471 0.174897 1 0.730129 0.151834 1;
3771, 0.755471 0.174897 1 0.730129 0.151834 1;
3781, 0.755471 0.174897 1 0.730129 0.151834 1;
3791, 0.755471 0.174897 1 0.730129 0.151834 1;
3801, 0.755471 0.174897 1 0.730129 0.151834 1;
3811, 0.755471 0.174897 1 0.730129 0.151834 1;
3821, 0.755471 0.174897 1 0.730129 0.151834 1;
3831, 0.755471 0.174897 1 0.730129 0.151834 1;
3841, 0.755471 0.174897 1 0.730129 0.151834 1;
3851, 0.755471 0.174897 1 0.730129 0.151834 1;
3861, 0.755471 0.174897 1 0.730129 0.151834 1;
3871, 0.755471 0.174897 1 0.730129 0.151834 1;
3881, 0.755471 0.174897 1 0.730129 0.151834 1;
3891, 0.755471 0.174897 1 0.730129 0.151834 1;
3901, 0.755471 0.174897 1 0.730129 0.151834 1;
3911, 0.755471 0.174897 1 0.730129 0.151834 1;
3921, 0.755471 0.174897 1 0.730129 0.151834 1;
3931, 0.755471 0.174897 1 0.730129 0.151834 1;
3941, 0.755471 0.174897 1 0.730129 0.151834 1;
3951, 0.755471 0.174897 1 0.730129 0.151834 1;
3961, 0.755471 0.174897 1 0.730129 0.151834 1;
3971, 0.755471 0.174897 1 0.730129 0.151834 1;
3981, 0.755471 0.174897 1 0.730129 0.151834 1;
3991, 0.755471 0.174897 1 0.730129 0.151834 1;
4001, 0.755471 0.174897 1 0.730129 0.151834 1;
4011, 0.755471 0.174897 1 0.730129 0.151834 1;
4021, 0.755471 0.174897 1 0.730129 0.151834 1;
4031, 0.755471 0.174897 1 0.730129 0.151834 1;
4041, 0.755471 0.174897 1 0.730129 0.151834 1;
4051, 0.755471 0.174897 1 0.730129 0.151834 1;
4061, 0.755471 0.174897 1 0.730129 0.151834 1;
4071, 0.755471 0.174897 1 0.730129 0.151834 1;
4081, 0.755471 0.174897 1 0.730129 0.151834 1;
4091, 0.755471 0.174897 1 0.730129 0.151834 1;
4101, 0.755471 0.174897 1 0.730129 0.151834 1;
4111, 0.755471 0.174897 1 0.730129 0.151834 1;
4121, 0.755471 0.174897 1 0.730129 0.151834 1;
4131, 0.755471 0.174897 1 0.730129 0.151834 1;
4141, 0.755471 0.174897 1 0.730129 0.151834 1;
4151, 0.755471 0.174897 1 0.730129 0.151834 1;
4161, 0.755471 0.174897 1 0.730129 0.151834 1;
4171, 0.755471 0.174897 1 0.730129 0.151834 1;
4181, 0.755471 0.174897 1 0.730129 0.151834 1;
4191, 0.755471 0.174897 1 0.730129 0.151834 1;
4201, 0.755471 0.174897 1 0.730129 0.151834 1;
4211, 0.755471 0.174897 1 0.730129 0.151834 1;
4221, 0.755471 0.174897 1 0.730129 0.151834 1;
4231, 0.755471 0.174897 1 0.730129 0.151834 1;
4241, 0.755471 0.174897 1 0.730129 0.151834 1;
4251, 0.755471 0.174897 1 0.730129 0.151834 1;
4261, 0.755471 0.174897 1 0.730129 0.151834 1;
4271, 0.755471 0.174897 1 0.730129 0.151834 1;
4281, 0.755471 0.174897 1 0.730129 0.151834 1;
4291, 0.755471 0.174897 1 0.730129 0.151834 1;
4301, 0.755471 0.174897 1 0.730129 0.151834 1;
4311, 0.755471 0.174897 1 0.730129 0.151834 1;
4321, 0.755471 0.174897 1 0.730129 0.151834 1;
4331, 0.755471 0.174897 1 0.730129 0.151834 1;
4341, 0.755471 0.174897 1 0.730129 0.151834 1;
4351, 0.755471 0.174897 1 0.730129 0.151834 1;
4361, 0.755471 0.174897 1 0.730129 0.151834 1;
4371, 0.755471 0.174897 1 0.730129 0.151834 1;
4381, 0.755471 0.174897 1 0.730129 0.151834 1;
4391, 0.755471 0.174897 1 0.730129 0.151834 1;
4401, 0.755471 0.174897 1 0.730129 0.151834 1;
4411, 0.755471 0.174897 1 0.730129 0.151834 1;
4421, 0.755471 0.174897 1 0.730129 0.151834 1;
4431, 0.755471 0.174897 1 0.730129 0.151834 1;
4441, 0.755471 0.174897 1 0.730129 0.151834 1;
4451, 0.755471 0.174897 1 0.730129 0.151834 1;
4461, 0.755471 0.174897 1 0.730129 0.151834 1;
4471, 0.755471 0.174897 1 0.730129 0.151834 1;
4481, 0.755471 0.174897 1 0.730129 0.151834 1;
4491, 0.758102 0.174897 1 0.730129 0.151834 1;
4501, 0.758628 0.174897 1 0.730129 0.151834 1;
4511, 0.758628 0.174897 1 0.730129 0.151834 1;
4521, 0.758628 0.174897 1 0.730129 0.151834 1;
4531, 0.75968 0.174897 1 0.730129 0.151834 1;
4541, 0.75968 0.174897 1 0.730129 0.151834 1;
4551, 0.75968 0.174897 1 0.730129 0.151834 1;
4561, 0.761258 0.175832 1 0.730129 0.151834 1;
4571, 0.761785 0.175832 1 0.730129 0.151834 1;
4581, 0.761785 0.175832 1 0.730129 0.151834 1;
4591, 0.762311 0.176768 1 0.730129 0.151834 1;
4601, 0.763363 0.177703 1 0.730129 0.151834 1;
4611, 0.763363 0.177703 1 0.730129 0.151834 1;
4621, 0.763889 0.177703 1 0.730129 0.151834 1;
4631, 0.764941 0.178638 1 0.730129 0.151834 1;
4641, 0.765993 0.179574 1 0.730129 0.151834 1;
4651, 0.765993 0.179574 1 0.730129 0.151834 1;
4661, 0.766519 0.180509 1 0.730129 0.151834 1;
4671, 0.767045 0.180509 1 0.730129 0.151834 1;
4681, 0.767045 0.180509 1 0.730129 0.151834 1;
4691, 0.768098 0.181444 1 0.730129 0.151834 1;
4701, 0.768624 0.182379 1 0.730129 0.151834 1;
4711, 0.768624 0.182379 1 0.732677 0.150773 1;
4721, 0.76915 0.182379 1 0.734375 0.149711 1;
4731, 0.76915 0.182379 1 0.734375 0.149711 1;
4741, 0.770202 0.183315 1 0.735224 0.149711 1;
4751, 0.770202 0.183315 1 0.735224 0.149711 1;
4761, 0.770202 0.183315 1 0.736923 0.14865 1;
4771, 0.770728 0.18425 1 0.737772 0.14865 1;
4781, 0.770728 0.18425 1 0.738621 0.14865 1;
4791, 0.771254 0.185185 1 0.73947 0.147588 1;
4801, 0.771254 0.185185 1 0.740319 0.147588 1;
4811, 0.771254 0.185185 1 0.741168 0.147588 1;
4821, 0.77178 0.18612 1 0.742018 0.147588 1;
4831, 0.77178 0.18612 1 0.742018 0.147588 1;
4841, 0.77178 0.18612 1 0.742867 0.147588 1;
4851, 0.77178 0.18612 1 0.742867 0.147588 1;
4861, 0.772832 0.18612 1 0.743716 0.146527 1;
4871, 0.772832 0.18612 1 0.744565 0.146527 1;
4881, 0.772832 0.18612 1 0.744565 0.146527 1;
4891, 0.773359 0.187056 1 0.745414 0.146527 1;
4901, 0.773359 0.187056 1 0.745414 0.146527 1;
4911, 0.773359 0.187056 1 0.745414 0.146527 1;
4921, 0.773885 0.187991 1 0.745414 0.146527 1;
4931, 0.773885 0.187991 1 0.745414 0.146527 1;
4941, 0.773885 0.187991 1 0.746264 0.145465 1;
4951, 0.773885 0.187991 1 0.746264 0.145465 1;
4961, 0.773885 0.187991 1 0.747113 0.145465 1;
4971, 0.774411 0.188926 1 0.747962 0.145465 1;
4981, 0.774411 0.188926 1 0.747962 0.145465 1;
4991, 0.774411 0.188926 1 0.748811 0.144404 1;
5001, 0.774411 0.188926 1 0.748811 0.144404 1;
5011, 0.774411 0.188926 1 0.74966 0.144404 1;
5021, 0.774937 0.188926 1 0.75051 0.144404 1;
5031, 0.774937 0.188926 1 0.75051 0.144404 1;
5041, 0.774937 0.188926 1 0.751359 0.143342 1;
5051, 0.774937 0.188926 1 0.752208 0.143342 1;
5061, 0.775989 0.189862 1 0.752208 0.143342 1;
5071, 0.775989 0.189862 1 0.753057 0.143342 1;
5081, 0.775989 0.189862 1 0.753057 0.143342 1;
5091, 0.775989 0.189862 1 0.754755 0.142281 1;
5101, 0.775989 0.189862 1 0.754755 0.142281 1;
5111, 0.775989 0.189862 1 0.755605 0.142281 1;
5121, 0.776515 0.189862 1 0.756454 0.141219 1;
5131, 0.776515 0.189862 1 0.756454 0.141219 1;
5141, 0.776515 0.189862 1 0.757303 0.141219 1;
5151, 0.776515 0.189862 1 0.758152 0.141219 1;
5161, 0.776515 0.189862 1 0.759001 0.141219 1;
5171, 0.776515 0.189862 1 0.759001 0.141219 1;
5181, 0.776515 0.189862 1 0.759851 0.141219 1;
5191, 0.776515 0.189862 1 0.7607 0.140158 1;
5201, 0.776515 0.189862 1 0.7607 0.140158 1;
5211, 0.777567 0.189862 1 0.761549 0.140158 1;
5221, 0.777567 0.189862 1 0.762398 0.140158 1;
5231, 0.777567 0.189862 1 0.763247 0.140158 1;
5241, 0.777567 0.189862 1 0.764096 0.140158 1;
5251, 0.777567 0.189862 1 0.764096 0.140158 1;
5261, 0.777567 0.189862 1 0.764946 0.139096 1;
5271, 0.777567 0.189862 1 0.765795 0.139096 1;
5281, 0.777567 0.189862 1 0.765795 0.139096 1;
5291, 0.777567 0.189862 1 0.766644 0.139096 1;
5301, 0.778093 0.188926 1 0.766644 0.138035 1;
5311, 0.778093 0.188926 1 0.766644 0.138035 1;
5321, 0.778093 0.188926 1 0.767493 0.138035 1;
5331, 0.778093 0.188926 1 0.767493 0.138035 1;
5341, 0.778093 0.188926 1 0.769192 0.138035 1;
5351, 0.778093 0.188926 1 0.769192 0.138035 1;
5361, 0.778093 0.188926 1 0.770041 0.138035 1;
5371, 0.77862 0.187991 1 0.770041 0.138035 1;
5381, 0.77862 0.187991 1 0.770041 0.138035 1;
5391, 0.77862 0.187991 1 0.77089 0.136974 1;
5401, 0.77862 0.187991 1 0.77089 0.136974 1;
5411, 0.77862 0.187991 1 0.771739 0.136974 1;
5421, 0.77862 0.187991 1 0.771739 0.136974 1;
5431, 0.77862 0.187991 1 0.772588 0.136974 1;
5441, 0.77862 0.187991 1 0.772588 0.136974 1;
5451, 0.77862 0.187991 1 0.773437 0.136974 1;
5461, 0.779146 0.187056 1 0.773437 0.136974 1;
5471, 0.779146 0.187056 1 0.774287 0.135912 1;
5481, 0.779146 0.187056 1 0.774287 0.135912 1;
5491, 0.779146 0.187056 1 0.774287 0.135912 1;
5501, 0.779146 0.187056 1 0.775136 0.135912 1;
5511, 0.779146 0.187056 1 0.775136 0.135912 1;
5521, 0.779146 0.187056 1 0.775136 0.135912 1;
5531, 0.779146 0.187056 1 0.775136 0.135912 1;
5541, 0.779146 0.187056 1 0.775985 0.135912 1;
5551, 0.779146 0.187056 1 0.775985 0.135912 1;
5561, 0.779146 0.187056 1 0.775985 0.135912 1;
5571, 0.779146 0.187056 1 0.776834 0.135912 1;
5581, 0.779672 0.187056 1 0.776834 0.135912 1;
5591, 0.779672 0.187056 1 0.776834 0.135912 1;
5601, 0.779672 0.187056 1 0.776834 0.135912 1;
5611, 0.779672 0.187056 1 0.777683 0.134851 1;
5621, 0.779672 0.187056 1 0.777683 0.134851 1;
5631, 0.779672 0.187056 1 0.777683 0.134851 1;
5641, 0.780724 0.18612 1 0.777683 0.134851 1;
5651, 0.780724 0.18612 1 0.777683 0.134851 1;
5661, 0.780724 0.18612 1 0.777683 0.134851 1;
5671, 0.780724 0.18612 1 0.778533 0.133789 1;
5681, 0.780724 0.18612 1 0.778533 0.133789 1;
5691, 0.780724 0.18612 1 0.778533 0.133789 1;
5701, 0.780724 0.18612 1 0.778533 0.133789 1;
5711, 0.78125 0.18612 1 0.778533 0.133789 1;
5721, 0.78125 0.18612 1 0.779382 0.133789 1;
5731, 0.78125 0.18612 1 0.779382 0.133789 1;
5741, 0.782302 0.185185 1 0.779382 0.133789 1;
5751, 0.782302 0.185185 1 0.779382 0.133789 1;
5761, 0.782302 0.185185 1 0.779382 0.133789 1;
5771, 0.782828 0.185185 1 0.779382 0.133789 1;
5781, 0.782828 0.185185 1 0.779382 0.133789 1;
5791, 0.782828 0.185185 1 0.779382 0.133789 1;
5801, 0.782828 0.185185 1 0.779382 0.133789 1;
5811, 0.78388 0.185185 1 0.779382 0.133789 1;
5821, 0.78388 0.185185 1 0.779382 0.133789 1;
5831, 0.78388 0.185185 1 0.779382 0.133789 1;
5841, 0.78388 0.185185 1 0.779382 0.133789 1;
5851, 0.784407 0.18612 1 0.779382 0.133789 1;
5861, 0.784407 0.18612 1 0.779382 0.133789 1;
5871, 0.784407 0.18612 1 0.779382 0.133789 1;
5881, 0.784407 0.18612 1 0.779382 0.133789 1;
5891, 0.784407 0.18612 1 0.779382 0.133789 1;
5901, 0.784407 0.18612 1 0.779382 0.133789 1;
5911, 0.784933 0.18612 1 0.779382 0.133789 1;
5921, 0.784933 0.18612 1 0.779382 0.133789 1;
5931, 0.784933 0.18612 1 0.779382 0.133789 1;
5941, 0.785459 0.187056 1 0.780231 0.133789 1;
5951, 0.785459 0.187056 1 0.780231 0.133789 1;
5961, 0.785459 0.187056 1 0.780231 0.133789 1;
5971, 0.785985 0.188926 1 0.780231 0.133789 1;
5981, 0.786511 0.189862 1 0.780231 0.133789 1;
5991, 0.787037 0.190797 1 0.780231 0.133789 1;
6001, 0.787037 0.190797 1 0.780231 0.133789 1;
6011, 0.788089 0.191732 1 0.780231 0.133789 1;
6021, 0.788615 0.192667 1 0.780231 0.133789 1;
6031, 0.788615 0.192667 1 0.780231 0.133789 1;
6041, 0.790194 0.194538 1 0.78108 0.133789 1;
6051, 0.790194 0.194538 1 0.78108 0.133789 1;
6061, 0.79072 0.195473 1 0.78108 0.133789 1;
6071, 0.79072 0.195473 1 0.781929 0.133789 1;
6081, 0.791246 0.196409 1 0.782779 0.133789 1;
6091, 0.791772 0.197344 1 0.783628 0.133789 1;
6101, 0.791772 0.197344 1 0.783628 0.133789 1;
6111, 0.792298 0.198279 1 0.784477 0.133789 1;
6121, 0.792298 0.198279 1 0.786175 0.134851 1;
6131, 0.792298 0.198279 1 0.786175 0.134851 1;
6141, 0.792824 0.199214 1 0.787874 0.134851 1;
6151, 0.79335 0.20015 1 0.788723 0.134851 1;
6161, 0.79335 0.20015 1 0.789572 0.134851 1;
6171, 0.793876 0.201085 1 0.790421 0.135912 1;
6181, 0.793876 0.201085 1 0.79127 0.135912 1;
6191, 0.793876 0.201085 1 0.79212 0.135912 1;
6201, 0.793876 0.201085 1 0.79212 0.135912 1;
6211, 0.794402 0.20202 1 0.793818 0.136974 1;
6221, 0.795455 0.202955 1 0.794667 0.136974 1;
6231, 0.795455 0.202955 1 0.794667 0.136974 1;
6241, 0.795981 0.202955 1 0.796366 0.138035 1;
6251, 0.795981 0.202955 1 0.796366 0.138035 1;
6261, 0.796507 0.203891 1 0.797215 0.138035 1;
6271, 0.797559 0.204826 1 0.798064 0.139096 1;
6281, 0.797559 0.204826 1 0.798913 0.139096 1;
6291, 0.798085 0.205761 1 0.799762 0.140158 1;
6301, 0.798085 0.205761 1 0.799762 0.140158 1;
6311, 0.798611 0.205761 1 0.800611 0.140158 1;
6321, 0.799663 0.206697 1 0.801461 0.141219 1;
6331, 0.800189 0.207632 1 0.801461 0.141219 1;
6341, 0.801242 0.207632 1 0.801461 0.142281 1;
6351, 0.801242 0.207632 1 0.801461 0.142281 1;
6361, 0.801768 0.208567 1 0.80231 0.142281 1;
6371, 0.802294 0.209502 1 0.803159 0.143342 1;
6381, 0.802294 0.209502 1 0.803159 0.143342 1;
6391, 0.803872 0.211373 1 0.804008 0.143342 1;
6401, 0.803872 0.211373 1 0.804857 0.144404 1;
6411, 0.804398 0.212308 1 0.804857 0.144404 1;
6421, 0.805976 0.213244 1 0.804857 0.145465 1;
6431, 0.805976 0.213244 1 0.804857 0.145465 1;
6441, 0.806503 0.214179 1 0.805707 0.146527 1;
6451, 0.806503 0.214179 1 0.805707 0.146527 1;
6461, 0.808081 0.215114 1 0.805707 0.146527 1;
6471, 0.809133 0.215114 1 0.806556 0.147588 1;
6481, 0.809133 0.215114 1 0.806556 0.147588 1;
6491, 0.809659 0.216049 1 0.806556 0.147588 1;
6501, 0.809659 0.216049 1 0.806556 0.14865 1;
6511, 0.810185 0.216985 1 0.806556 0.14865 1;
6521, 0.810185 0.216985 1 0.806556 0.14865 1;
6531, 0.810185 0.216985 1 0.806556 0.14865 1;
6541, 0.811237 0.216985 1 0.806556 0.14865 1;
6551, 0.811237 0.216985 1 0.806556 0.14865 1;
6561, 0.811237 0.216985 1 0.806556 0.14865 1;
6571, 0.811237 0.216985 1 0.806556 0.14865 1;
6581, 0.811237 0.216985 1 0.806556 0.14865 1;
6591, 0.811237 0.216985 1 0.806556 0.14865 1;
6601, 0.811237 0.216985 1 0.806556 0.14865 1;
6611, 0.811237 0.216985 1 0.806556 0.14865 1;
6621, 0.811237 0.216985 1 0.806556 0.149711 1;
6631, 0.811237 0.216985 1 0.806556 0.149711 1;
6641, 0.811237 0.216985 1 0.806556 0.149711 1;
6651, 0.811237 0.216985 1 0.806556 0.149711 1;
6661, 0.811237 0.216985 1 0.806556 0.149711 1;
6671, 0.811237 0.216985 1 0.806556 0.149711 1;
6681, 0.811237 0.216985 1 0.806556 0.149711 1;
6691, 0.811237 0.216985 1 0.806556 0.149711 1;
6701, 0.811237 0.216985 1 0.806556 0.149711 1;
6711, 0.811237 0.216985 1 0.806556 0.149711 1;
6721, 0.811237 0.216985 1 0.806556 0.149711 1;
6731, 0.811237 0.216985 1 0.806556 0.149711 1;
6741, 0.811237 0.216985 1 0.806556 0.149711 1;
6751, 0.811237 0.216985 1 0.806556 0.149711 1;
6761, 0.811237 0.216985 1 0.806556 0.149711 1;
6771, 0.811237 0.216985 1 0.806556 0.149711 1;
6781, 0.811237 0.216985 1 0.806556 0.149711 1;
6791, 0.811237 0.216985 1 0.806556 0.149711 1;
6801, 0.811237 0.216985 1 0.806556 0.149711 1;
6811, 0.811237 0.216985 1 0.806556 0.149711 1;
6821, 0.811237 0.216985 1 0.806556 0.149711 1;
6831, 0.811237 0.216985 1 0.806556 0.149711 1;
6841, 0.811237 0.216985 1 0.806556 0.149711 1;
6851, 0.811237 0.216985 1 0.806556 0.149711 1;
6861, 0.811237 0.216985 1 0.806556 0.149711 1;
6871, 0.811237 0.216985 1 0.806556 0.149711 1;
6881, 0.811237 0.216985 1 0.806556 0.149711 1;
6891, 0.811237 0.216985 1 0.806556 0.149711 1;
6901, 0.811237 0.216985 1 0.806556 0.149711 1;
6911, 0.811237 0.216985 1 0.806556 0.149711 1;
6921, 0.811237 0.216985 1 0.806556 0.149711 1;
6931, 0.811237 0.216985 1 0.806556 0.149711 1;
6941, 0.811237 0.216985 1 0.806556 0.149711 1;
6951, 0.811237 0.216985 1 0.806556 0.149711 1;
6961, 0.811237 0.216985 1 0.806556 0.149711 1;
6971, 0.811237 0.216985 1 0.806556 0.149711 1;
6981, 0.811237 0.216985 1 0.806556 0.149711 1;
6991, 0.811237 0.216985 1 0.806556 0.149711 1;
7001, 0.811237 0.216985 1 0.806556 0.149711 1;
7011, 0.811237 0.216985 1 0.806556 0.149711 1;
7021, 0.811237 0.216985 1 0.806556 0.149711 1;
7031, 0.811237 0.216985 1 0.806556 0.149711 1;
7041, 0.811237 0.216985 1 0.806556 0.149711 1;
7051, 0.811237 0.216985 1 0.806556 0.149711 1;
7061, 0.811237 0.216985 1 0.806556 0.149711 1;
7071, 0.811237 0.216985 1 0.806556 0.149711 1;
7081, 0.811237 0.216985 1 0.806556 0.149711 1;
7091, 0.811237 0.216985 1 0.806556 0.149711 1;
7101, 0.811237 0.216985 1 0.806556 0.149711 1;
7111, 0.811237 0.216985 1 0.806556 0.149711 1;
7121, 0.811237 0.216985 1 0.806556 0.149711 1;
7131, 0.811237 0.216985 1 0.806556 0.149711 1;
7141, 0.811237 0.216985 1 0.806556 0.149711 1;
7151, 0.811237 0.216985 1 0.806556 0.149711 1;
7161, 0.811237 0.216985 1 0.806556 0.149711 1;
7171, 0.811237 0.216985 1 0.806556 0.149711 1;
7181, 0.811237 0.216985 1 0.806556 0.149711 1;
7191, 0.811237 0.216985 1 0.806556 0.149711 1;
7201, 0.811237 0.216985 1 0.806556 0.149711 1;
7211, 0.811237 0.216985 1 0.806556 0.149711 1;
7221, 0.811237 0.216985 1 0.806556 0.149711 1;
7231, 0.811237 0.216985 1 0.806556 0.149711 1;
7241, 0.811237 0.216985 1 0.806556 0.149711 1;
7251, 0.811237 0.216985 1 0.806556 0.149711 1;
7261, 0.811237 0.216985 1 0.806556 0.149711 1;
7271, 0.811237 0.216985 1 0.806556 0.149711 1;
7281, 0.811237 0.216985 1 0.806556 0.149711 1;
7291, 0.811237 0.216985 1 0.806556 0.149711 1;
7301, 0.811237 0.216985 1 0.806556 0.149711 1;
7311, 0.811237 0.216985 1 0.806556 0.149711 1;
7321, 0.811237 0.216985 1 0.806556 0.149711 1;
7331, 0.811237 0.216985 1 0.806556 0.149711 1;
7341, 0.811237 0.216985 1 0.806556 0.149711 1;
7351, 0.811237 0.216985 1 0.806556 0.149711 1;
7361, 0.811237 0.216985 1 0.806556 0.149711 1;
7371, 0.811237 0.216985 1 0.806556 0.149711 1;
7381, 0.811237 0.216985 1 0.806556 0.149711 1;
7391, 0.811237 0.216985 1 0.806556 0.149711 1;
7401, 0.811237 0.216049 1 0.806556 0.149711 1;
7411, 0.811237 0.216049 1 0.806556 0.149711 1;
7421, 0.811237 0.216049 1 0.827785 0.078592 1;
7431, 0.811237 0.216049 1 0. 0. 0;
7441, 0. 0. 0 0. 0. 0;
7451, 0. 0. 0 0. 0. 0;
7461, 0. 0. 0 0. 0. 0;
7471, 0. 0. 0 0. 0. 0;
7481, 0. 0. 0 0. 0. 0;
7491, 0. 0. 0 0. 0. 0;
7501, 0. 0. 0 0. 0. 0;
7511, 0. 0. 0 0. 0. 0;
7521, 0. 0. 0 0. 0. 0;
7531, 0. 0. 0 0. 0. 0;
7541, 0. 0. 0 0. 0. 0;
7551, 0. 0. 0 0. 0. 0;
7561, 0. 0. 0 0. 0. 0;
7571, 0. 0. 0 0. 0. 0;
7581, 0. 0. 0 0. 0. 0;
7591, 0. 0. 0 0. 0. 0;
7601, 0. 0. 0 0. 0. 0;
7611, 0. 0. 0 0. 0. 0;
7621, 0. 0. 0 0. 0. 0;
7631, 0. 0. 0 0. 0. 0;
7641, 0. 0. 0 0. 0. 0;
7651, 0. 0. 0 0. 0. 0;
7661, 0. 0. 0 0. 0. 0;
7671, 0. 0. 0 0. 0. 0;
7681, 0. 0. 0 0. 0. 0;
7691, 0. 0. 0 0. 0. 0;
7701, 0. 0. 0 0. 0. 0;
7711, 0. 0. 0 0. 0. 0;
7721, 0. 0. 0 0. 0. 0;
7731, 0. 0. 0 0. 0. 0;
7741, 0. 0. 0 0. 0. 0;
7751, 0. 0. 0 0. 0. 0;
7761, 0. 0. 0 0. 0. 0;
7771, 0. 0. 0 0. 0. 0;
7781, 0. 0. 0 0. 0. 0;
7791, 0. 0. 0 0. 0. 0;
7801, 0. 0. 0 0. 0. 0;
7811, 0. 0. 0 0. 0. 0;
7821, 0. 0. 0 0. 0. 0;
7831, 0. 0. 0 0. 0. 0;
7841, 0. 0. 0 0. 0. 0;
7851, 0. 0. 0 0. 0. 0;
7861, 0. 0. 0 0. 0. 0;
7871, 0. 0. 0 0. 0. 0;
7881, 0. 0. 0 0. 0. 0;
7891, 0. 0. 0 0. 0. 0;
7901, 0. 0. 0 0. 0. 0;
7911, 0. 0. 0 0. 0. 0;
7921, 0. 0. 0 0. 0. 0;
7931, 0. 0. 0 0. 0. 0;
7941, 0. 0. 0 0. 0. 0;
7951, 0. 0. 0 0. 0. 0;
7961, 0. 0. 0 0. 0. 0;
7971, 0. 0. 0 0. 0. 0;
7981, 0. 0. 0 0. 0. 0;
7991, 0. 0. 0 0. 0. 0;
8001, 0. 0. 0 0. 0. 0;
8011, 0. 0. 0 0. 0. 0;
8021, 0. 0. 0 0. 0. 0;
8031, 0. 0. 0 0. 0. 0;
8041, 0. 0. 0 0. 0. 0;
8051, 0. 0. 0 0. 0. 0;
8061, 0. 0. 0 0.781929 0.064793 1;
8071, 0.754419 0.173027 1 0.781929 0.064793 1;
8081, 0.754419 0.173027 1 0.781929 0.064793 1;
8091, 0.754419 0.173027 1 0.781929 0.064793 1;
8101, 0.754419 0.173027 1 0.781929 0.064793 1;
8111, 0.754419 0.173027 1 0.781929 0.064793 1;
8121, 0.754419 0.173027 1 0.781929 0.064793 1;
8131, 0.754419 0.173027 1 0.781929 0.064793 1;
8141, 0.754419 0.173027 1 0.781929 0.064793 1;
8151, 0.754419 0.173027 1 0.781929 0.064793 1;
8161, 0.754419 0.173027 1 0.781929 0.064793 1;
8171, 0.754419 0.173027 1 0.781929 0.064793 1;
8181, 0.754419 0.173027 1 0.781929 0.064793 1;
8191, 0.754419 0.173027 1 0.781929 0.064793 1;
8201, 0.754419 0.173027 1 0.781929 0.064793 1;
8211, 0.754419 0.173027 1 0.781929 0.064793 1;
8221, 0.754419 0.173027 1 0.781929 0.064793 1;
8231, 0.754419 0.173027 1 0.781929 0.064793 1;
8241, 0.754419 0.173027 1 0.781929 0.064793 1;
8251, 0.754419 0.173027 1 0.781929 0.064793 1;
8261, 0.754419 0.173027 1 0.781929 0.064793 1;
8271, 0.754419 0.173027 1 0.781929 0.064793 1;
8281, 0.754419 0.173027 1 0.781929 0.064793 1;
8291, 0.754419 0.173027 1 0.781929 0.064793 1;
8301, 0.754419 0.173027 1 0.781929 0.064793 1;
8311, 0.754419 0.173027 1 0.781929 0.064793 1;
8321, 0.754419 0.173027 1 0.781929 0.064793 1;
8331, 0.754419 0.173027 1 0.781929 0.064793 1;
8341, 0.754419 0.173027 1 0.781929 0.064793 1;
8351, 0.754419 0.173027 1 0.781929 0.064793 1;
8361, 0.754419 0.173027 1 0.781929 0.064793 1;
8371, 0.754419 0.173027 1 0.781929 0.064793 1;
8381, 0.754419 0.173027 1 0.781929 0.064793 1;
8391, 0.754419 0.173027 1 0.781929 0.064793 1;
8401, 0.754419 0.173027 1 0.781929 0.064793 1;
8411, 0.754419 0.173027 1 0.781929 0.064793 1;
8421, 0.754419 0.173027 1 0.781929 0.064793 1;
8431, 0.754419 0.173027 1 0.781929 0.064793 1;
8441, 0.754419 0.173027 1 0.781929 0.064793 1;
8451, 0.754419 0.173027 1 0.781929 0.064793 1;
8461, 0.756524 0.174897 1 0.781929 0.064793 1;
8471, 0.756524 0.174897 1 0.781929 0.064793 1;
8481, 0.756524 0.174897 1 0.781929 0.064793 1;
8491, 0.756524 0.174897 1 0.781929 0.064793 1;
8501, 0. 0. 0 0.781929 0.064793 1;
8511, 0. 0. 0 0. 0. 0;
8521, 0. 0. 0 0. 0. 0;
8531, 0. 0. 0 0. 0. 0;
8541, 0. 0. 0 0. 0. 0;
8551, 0. 0. 0 0. 0. 0;
8561, 0. 0. 0 0. 0. 0;
8571, 0. 0. 0 0. 0. 0;
8581, 0. 0. 0 0. 0. 0;
8591, 0. 0. 0 0. 0. 0;
8601, 0. 0. 0 0. 0. 0;
8611, 0. 0. 0 0. 0. 0;
8621, 0. 0. 0 0. 0. 0;
8631, 0. 0. 0 0. 0. 0;
8641, 0. 0. 0 0. 0. 0;
8651, 0. 0. 0 0. 0. 0;
8661, 0.757576 0.177703 1 0. 0. 0;
8671, 0.757576 0.177703 1 0. 0. 0;
8681, 0.757576 0.177703 1 0. 0. 0;
8691, 0.757576 0.177703 1 0. 0. 0;
8701, 0.757576 0.177703 1 0. 0. 0;
8711, 0.757576 0.177703 1 0.787024 0.058424 1;
8721, 0.757576 0.177703 1 0.787024 0.058424 1;
8731, 0.757576 0.177703 1 0.787024 0.058424 1;
8741, 0.757576 0.177703 1 0.787024 0.058424 1;
8751, 0.757576 0.177703 1 0.787024 0.058424 1;
8761, 0.757576 0.177703 1 0.787024 0.058424 1;
8771, 0.757576 0.177703 1 0.787024 0.058424 1;
8781, 0.757576 0.177703 1 0.787024 0.058424 1;
8791, 0.757576 0.177703 1 0.787024 0.058424 1;
8801, 0.757576 0.177703 1 0.787024 0.058424 1;
8811, 0.757576 0.177703 1 0.787024 0.058424 1;
8821, 0.757576 0.177703 1 0.787024 0.058424 1;
8831, 0.757576 0.177703 1 0.787024 0.058424 1;
8841, 0.757576 0.177703 1 0.787024 0.058424 1;
8851, 0.757576 0.177703 1 0.787024 0.058424 1;
8861, 0.757576 0.177703 1 0.787024 0.058424 1;
8871, 0.75968 0.175832 1 0.787024 0.058424 1;
8881, 0.75968 0.175832 1 0.787024 0.058424 1;
8891, 0.75968 0.175832 1 0.787024 0.058424 1;
8901, 0.75968 0.175832 1 0. 0. 0;
8911, 0. 0. 0 0. 0. 0;
8921, 0. 0. 0 0. 0. 0;
8931, 0. 0. 0 0. 0. 0;
8941, 0. 0. 0 0. 0. 0;
8951, 0. 0. 0 0. 0. 0;
8961, 0. 0. 0 0. 0. 0;
8971, 0. 0. 0 0. 0. 0;
8981, 0. 0. 0 0. 0. 0;
8991, 0. 0. 0 0. 0. 0;
9001, 0. 0. 0 0. 0. 0;
9011, 0. 0. 0 0. 0. 0;
9021, 0. 0. 0 0. 0. 0;
9031, 0. 0. 0 0. 0. 0;
9041, 0. 0. 0 0. 0. 0;
9051, 0. 0. 0 0. 0. 0;
9061, 0. 0. 0 0. 0. 0;
9071, 0. 0. 0 0. 0. 0;
9081, 0. 0. 0 0. 0. 0;
9091, 0. 0. 0 0. 0. 0;
9101, 0.78388 0.18612 1 0. 0. 0;
9111, 0.78388 0.18612 1 0. 0. 0;
9121, 0.78388 0.18612 1 0. 0. 0;
9131, 0.78388 0.18612 1 0.784477 0.060547 1;
9141, 0.78388 0.18612 1 0.784477 0.060547 1;
9151, 0.78388 0.18612 1 0.784477 0.060547 1;
9161, 0.78388 0.18612 1 0.784477 0.060547 1;
9171, 0.78388 0.18612 1 0.784477 0.060547 1;
9181, 0.78388 0.18612 1 0.784477 0.060547 1;
9191, 0.78388 0.18612 1 0.784477 0.060547 1;
9201, 0.78388 0.18612 1 0.784477 0.060547 1;
9211, 0.78388 0.18612 1 0.784477 0.060547 1;
9221, 0.78388 0.18612 1 0.784477 0.060547 1;
9231, 0.78388 0.18612 1 0.784477 0.060547 1;
9241, 0.78388 0.18612 1 0.784477 0.060547 1;
9251, 0.78388 0.18612 1 0.784477 0.060547 1;
9261, 0.78388 0.18612 1 0.784477 0.060547 1;
9271, 0.78388 0.18612 1 0.784477 0.060547 1;
9281, 0.78388 0.18612 1 0.784477 0.060547 1;
9291, 0.78388 0.18612 1 0.784477 0.060547 1;
9301, 0.78388 0.18612 1 0.784477 0.060547 1;
9311, 0.78388 0.18612 1 0.784477 0.060547 1;
9321, 0.78388 0.18612 1 0.784477 0.060547 1;
9331, 0.78388 0.18612 1 0.784477 0.060547 1;
9341, 0.78388 0.18612 1 0.784477 0.060547 1;
9351, 0.78388 0.18612 1 0.784477 0.060547 1;
9361, 0.78388 0.18612 1 0. 0. 0;
9371, 0.78388 0.18612 1 0. 0. 0;
9381, 0.78388 0.18612 1 0. 0. 0;
9391, 0. 0. 0 0. 0. 0;
9401, 0. 0. 0 0. 0. 0;
9411, 0. 0. 0 0. 0. 0;
9421, 0. 0. 0 0. 0. 0;
9431, 0. 0. 0 0. 0. 0;
9441, 0. 0. 0 0. 0. 0;
9451, 0. 0. 0 0. 0. 0;
9461, 0. 0. 0 0. 0. 0;
9471, 0. 0. 0 0. 0. 0;
9481, 0. 0. 0 0. 0. 0;
9491, 0. 0. 0 0. 0. 0;
9501, 0. 0. 0 0. 0. 0;
9511, 0.780198 0.185185 1 0. 0. 0;
9521, 0.780198 0.185185 1 0. 0. 0;
9531, 0.780198 0.185185 1 0. 0. 0;
9541, 0.780198 0.185185 1 0.782779 0.061608 1;
9551, 0.780198 0.185185 1 0.782779 0.061608 1;
9561, 0.780198 0.185185 1 0.782779 0.061608 1;
9571, 0.780198 0.185185 1 0.782779 0.061608 1;
9581, 0.780198 0.185185 1 0.782779 0.061608 1;
9591, 0.780198 0.185185 1 0.782779 0.061608 1;
9601, 0.780198 0.185185 1 0.782779 0.061608 1;
9611, 0.780198 0.185185 1 0.782779 0.061608 1;
9621, 0.780198 0.185185 1 0.782779 0.061608 1;
9631, 0.780198 0.185185 1 0.782779 0.061608 1;
9641, 0.780198 0.185185 1 0.782779 0.061608 1;
9651, 0.780198 0.185185 1 0.782779 0.061608 1;
9661, 0.780198 0.185185 1 0.782779 0.061608 1;
9671, 0.780198 0.185185 1 0.782779 0.061608 1;
9681, 0.780198 0.185185 1 0.782779 0.061608 1;
9691, 0.780198 0.185185 1 0.782779 0.061608 1;
9701, 0.780198 0.185185 1 0.782779 0.061608 1;
9711, 0.780198 0.185185 1 0. 0. 0;
9721, 0.780198 0.185185 1 0. 0. 0;
9731, 0. 0. 0 0. 0. 0;
9741, 0. 0. 0 0. 0. 0;
9751, 0. 0. 0 0. 0. 0;
9761, 0. 0. 0 0. 0. 0;
9771, 0. 0. 0 0. 0. 0;
9781, 0. 0. 0 0. 0. 0;
9791, 0. 0. 0 0. 0. 0;
9801, 0. 0. 0 0. 0. 0;
9811, 0. 0. 0 0. 0. 0;
9821, 0. 0. 0 0. 0. 0;
9831, 0. 0. 0 0. 0. 0;
9841, 0. 0. 0 0. 0. 0;
9851, 0. 0. 0 0. 0. 0;
9861, 0. 0. 0 0. 0. 0;
9871, 0. 0. 0 0. 0. 0;
9881, 0. 0. 0 0. 0. 0;
9891, 0. 0. 0 0. 0. 0;
9901, 0. 0. 0 0. 0. 0;
9911, 0. 0. 0 0. 0. 0;
9921, 0. 0. 0 0. 0. 0;
9931, 0. 0. 0 0. 0. 0;
9941, 0. 0. 0 0. 0. 0;
9951, 0. 0. 0 0. 0. 0;
9961, 0. 0. 0 0. 0. 0;
9971, 0. 0. 0 0. 0. 0;
9981, 0. 0. 0 0. 0. 0;
9991, 0. 0. 0 0. 0. 0;
10001, 0. 0. 0 0. 0. 0;
10011, 0. 0. 0 0. 0. 0;
10021, 0. 0. 0 0. 0. 0;
10031, 0. 0. 0 0. 0. 0;
10041, 0. 0. 0 0. 0. 0;
10051, 0. 0. 0 0. 0. 0;
10061, 0. 0. 0 0. 0. 0;
10071, 0. 0. 0 0. 0. 0;
10081, 0. 0. 0 0. 0. 0;
10091, 0. 0. 0 0. 0. 0;
10101, 0. 0. 0 0. 0. 0;
10111, 0. 0. 0 0. 0. 0;
10121, 0. 0. 0 0. 0. 0;
10131, 0. 0. 0 0. 0. 0;
10141, 0. 0. 0 0. 0. 0;
10151, 0. 0. 0 0. 0. 0;
10161, 0. 0. 0 0. 0. 0;
10171, 0. 0. 0 0. 0. 0;
10181, 0. 0. 0 0. 0. 0;
10191, 0. 0. 0 0. 0. 0;
10201, 0. 0. 0 0. 0. 0;
10211, 0. 0. 0 0. 0. 0;
10221, 0. 0. 0 0. 0. 0;
10231, 0. 0. 0 0. 0. 0;
10241, 0. 0. 0 0. 0. 0;
10251, 0. 0. 0 0. 0. 0;
10261, 0. 0. 0 0. 0. 0;
10271, 0. 0. 0 0. 0. 0;
10281, 0. 0. 0 0. 0. 0;
10291, 0. 0. 0 0. 0. 0;
10301, 0. 0. 0 0. 0. 0;
10311, 0. 0. 0 0. 0. 0;
10321, 0. 0. 0 0. 0. 0;
10331, 0. 0. 0 0. 0. 0;
10341, 0. 0. 0 0. 0. 0;
10351, 0. 0. 0 0. 0. 0;
10361, 0. 0. 0 0. 0. 0;
10371, 0. 0. 0 0. 0. 0;
10381, 0. 0. 0 0. 0. 0;
10391, 0. 0. 0 0. 0. 0;
10401, 0. 0. 0 0. 0. 0;
10411, 0. 0. 0 0. 0. 0;
10421, 0. 0. 0 0. 0. 0;
10431, 0. 0. 0 0. 0. 0;
10441, 0. 0. 0 0. 0. 0;
10451, 0. 0. 0 0. 0. 0;
10461, 0. 0. 0 0. 0. 0;
10471, 0. 0. 0 0. 0. 0;
10481, 0. 0. 0 0. 0. 0;
10491, 0. 0. 0 0. 0. 0;
10501, 0. 0. 0 0. 0. 0;
10511, 0. 0. 0 0. 0. 0;
10521, 0. 0. 0 0. 0. 0;
10531, 0. 0. 0 0. 0. 0;
10541, 0. 0. 0 0. 0. 0;
10551, 0. 0. 0 0. 0. 0;
10561, 0. 0. 0 0. 0. 0;
10571, 0. 0. 0 0. 0. 0;
10581, 0. 0. 0 0. 0. 0;
10591, 0. 0. 0 0. 0. 0;
10601, 0. 0. 0 0. 0. 0;
10611, 0. 0. 0 0. 0. 0;
10621, 0. 0. 0 0. 0. 0;
10631, 0. 0. 0 0. 0. 0;
10641, 0. 0. 0 0. 0. 0;
10651, 0. 0. 0 0. 0. 0;
10661, 0. 0. 0 0. 0. 0;
10671, 0. 0. 0 0. 0. 0;
10681, 0. 0. 0 0. 0. 0;
10691, 0. 0. 0 0. 0. 0;
10701, 0. 0. 0 0. 0. 0;
10711, 0. 0. 0 0. 0. 0;
10721, 0. 0. 0 0. 0. 0;
10731, 0. 0. 0 0. 0. 0;
10741, 0. 0. 0 0. 0. 0;
10751, 0. 0. 0 0. 0. 0;
10761, 0. 0. 0 0. 0. 0;
10771, 0. 0. 0 0. 0. 0;
10781, 0. 0. 0 0. 0. 0;
10791, 0. 0. 0 0. 0. 0;
10801, 0. 0. 0 0. 0. 0;
10811, 0. 0. 0 0. 0. 0;
10821, 0. 0. 0 0. 0. 0;
10831, 0. 0. 0 0. 0. 0;
10841, 0. 0. 0 0. 0. 0;
10851, 0. 0. 0 0. 0. 0;
10861, 0. 0. 0 0. 0. 0;
10871, 0. 0. 0 0. 0. 0;
10881, 0. 0. 0 0. 0. 0;
10891, 0. 0. 0 0. 0. 0;
10901, 0. 0. 0 0. 0. 0;
10911, 0. 0. 0 0. 0. 0;
10921, 0. 0. 0 0. 0. 0;
10931, 0. 0. 0 0. 0. 0;
10941, 0. 0. 0 0. 0. 0;
10951, 0. 0. 0 0. 0. 0;
10961, 0. 0. 0 0. 0. 0;
10971, 0. 0. 0 0. 0. 0;
10981, 0. 0. 0 0. 0. 0;
10991, 0. 0. 0 0. 0. 0;
11001, 0. 0. 0 0. 0. 0;
11011, 0. 0. 0 0. 0. 0;
11021, 0. 0. 0 0. 0. 0;
11031, 0. 0. 0 0. 0. 0;
11041, 0. 0. 0 0. 0. 0;
11051, 0. 0. 0 0. 0. 0;
11061, 0. 0. 0 0. 0. 0;
11071, 0. 0. 0 0. 0. 0;
11081, 0. 0. 0 0. 0. 0;
11091, 0. 0. 0 0. 0. 0;
11101, 0. 0. 0 0. 0. 0;
11111, 0. 0. 0 0. 0. 0;
11121, 0. 0. 0 0. 0. 0;
11131, 0. 0. 0 0. 0. 0;
11141, 0. 0. 0 0. 0. 0;
11151, 0. 0. 0 0. 0. 0;
11161, 0. 0. 0 0. 0. 0;
11171, 0. 0. 0 0. 0. 0;
11181, 0. 0. 0 0. 0. 0;
11191, 0. 0. 0 0. 0. 0;
11201, 0. 0. 0 0. 0. 0;
11211, 0. 0. 0 0. 0. 0;
11221, 0. 0. 0 0. 0. 0;
11231, 0. 0. 0 0. 0. 0;
11241, 0. 0. 0 0. 0. 0;
11251, 0. 0. 0 0. 0. 0;
11261, 0. 0. 0 0. 0. 0;
11271, 0. 0. 0 0. 0. 0;
11281, 0. 0. 0 0. 0. 0;
11291, 0. 0. 0 0. 0. 0;
11301, 0. 0. 0 0. 0. 0;
11311, 0. 0. 0 0. 0. 0;
11321, 0. 0. 0 0. 0. 0;
11331, 0. 0. 0 0. 0. 0;
11341, 0. 0. 0 0. 0. 0;
11351, 0. 0. 0 0. 0. 0;
11361, 0. 0. 0 0. 0. 0;
11371, 0. 0. 0 0. 0. 0;
11381, 0. 0. 0 0. 0. 0;
11391, 0. 0. 0 0. 0. 0;
11401, 0. 0. 0 0. 0. 0;
11411, 0. 0. 0 0. 0. 0;
11421, 0. 0. 0 0. 0. 0;
11431, 0. 0. 0 0. 0. 0;
11441, 0. 0. 0 0. 0. 0;
11451, 0. 0. 0 0. 0. 0;
11461, 0. 0. 0 0. 0. 0;
11471, 0. 0. 0 0. 0. 0;
11481, 0. 0. 0 0. 0. 0;
11491, 0. 0. 0 0. 0. 0;
11501, 0. 0. 0 0. 0. 0;
11511, 0. 0. 0 0. 0. 0;
11521, 0. 0. 0 0. 0. 0;
11531, 0. 0. 0 0. 0. 0;
11541, 0. 0. 0 0. 0. 0;
11551, 0. 0. 0 0. 0. 0;
11561, 0. 0. 0 0. 0. 0;
11571, 0. 0. 0 0. 0. 0;
11581, 0. 0. 0 0. 0. 0;
11591, 0. 0. 0 0. 0. 0;
11601, 0. 0. 0 0. 0. 0;
11611, 0. 0. 0 0. 0. 0;
11621, 0. 0. 0 0. 0. 0;
11631, 0. 0. 0 0. 0. 0;
11641, 0. 0. 0 0. 0. 0;
11651, 0. 0. 0 0. 0. 0;
11661, 0. 0. 0 0. 0. 0;
11671, 0. 0. 0 0. 0. 0;
11681, 0. 0. 0 0. 0. 0;
11691, 0. 0. 0 0. 0. 0;
11701, 0. 0. 0 0. 0. 0;
11711, 0. 0. 0 0. 0. 0;
11721, 0. 0. 0 0. 0. 0;
11731, 0. 0. 0 0. 0. 0;
11741, 0. 0. 0 0. 0. 0;
11751, 0. 0. 0 0. 0. 0;
11761, 0. 0. 0 0. 0. 0;
11771, 0. 0. 0 0. 0. 0;
11781, 0. 0. 0 0. 0. 0;
11791, 0. 0. 0 0. 0. 0;
11801, 0. 0. 0 0. 0. 0;
11811, 0. 0. 0 0. 0. 0;
11821, 0. 0. 0 0. 0. 0;
11831, 0. 0. 0 0. 0. 0;
11841, 0. 0. 0 0. 0. 0;
11851, 0. 0. 0 0. 0. 0;
11861, 0. 0. 0 0. 0. 0;
11871, 0. 0. 0 0. 0. 0;
11881, 0. 0. 0 0. 0. 0;
11891, 0. 0. 0 0. 0. 0;
11901, 0. 0. 0 0. 0. 0;
11911, 0. 0. 0 0. 0. 0;
11921, 0. 0. 0 0. 0. 0;
11931, 0. 0. 0 0. 0. 0;
11941, 0. 0. 0 0. 0. 0;
11951, 0. 0. 0 0. 0. 0;
11961, 0. 0. 0 0. 0. 0;
11971, 0. 0. 0 0. 0. 0;
11981, 0. 0. 0 0. 0. 0;
11991, 0. 0. 0 0. 0. 0;
12001, 0. 0. 0 0. 0. 0;
12011, 0. 0. 0 0. 0. 0;
12021, 0. 0. 0 0. 0. 0;
12031, 0. 0. 0 0. 0. 0;
12041, 0. 0. 0 0. 0. 0;
12051, 0. 0. 0 0. 0. 0;
12061, 0. 0. 0 0. 0. 0;
12071, 0. 0. 0 0. 0. 0;
12081, 0. 0. 0 0. 0. 0;
12091, 0. 0. 0 0. 0. 0;
12101, 0. 0. 0 0. 0. 0;
12111, 0. 0. 0 0. 0. 0;
12121, 0. 0. 0 0. 0. 0;
12131, 0. 0. 0 0. 0. 0;
12141, 0. 0. 0 0. 0. 0;
12151, 0. 0. 0 0. 0. 0;
12161, 0. 0. 0 0. 0. 0;
12171, 0. 0. 0 0. 0. 0;
12181, 0. 0. 0 0. 0. 0;
12191, 0. 0. 0 0. 0. 0;
12201, 0. 0. 0 0. 0. 0;
