0, 0. 0. 0 0. 0. 0;
10, 0. 0. 0 0. 0. 0;
20, 0. 0. 0 0. 0. 0;
30, 0. 0. 0 0. 0. 0;
40, 0. 0. 0 0. 0. 0;
50, 0. 0. 0 0. 0. 0;
60, 0. 0. 0 0. 0. 0;
70, 0. 0. 0 0. 0. 0;
80, 0. 0. 0 0. 0. 0;
90, 0. 0. 0 0. 0. 0;
100, 0. 0. 0 0. 0. 0;
110, 0. 0. 0 0. 0. 0;
120, 0. 0. 0 0. 0. 0;
130, 0. 0. 0 0. 0. 0;
140, 0. 0. 0 0. 0. 0;
150, 0. 0. 0 0. 0. 0;
160, 0. 0. 0 0. 0. 0;
170, 0. 0. 0 0. 0. 0;
180, 0. 0. 0 0. 0. 0;
190, 0. 0. 0 0. 0. 0;
200, 0. 0. 0 0. 0. 0;
210, 0. 0. 0 0. 0. 0;
220, 0. 0. 0 0. 0. 0;
230, 0. 0. 0 0. 0. 0;
240, 0. 0. 0 0. 0. 0;
250, 0. 0. 0 0. 0. 0;
260, 0. 0. 0 0. 0. 0;
270, 0. 0. 0 0. 0. 0;
280, 0. 0. 0 0. 0. 0;
290, 0. 0. 0 0. 0. 0;
300, 0. 0. 0 0. 0. 0;
310, 0. 0. 0 0. 0. 0;
320, 0. 0. 0 0. 0. 0;
330, 0. 0. 0 0. 0. 0;
340, 0. 0. 0 0. 0. 0;
350, 0. 0. 0 0. 0. 0;
360, 0. 0. 0 0. 0. 0;
370, 0. 0. 0 0. 0. 0;
380, 0. 0. 0 0. 0. 0;
390, 0. 0. 0 0. 0. 0;
400, 0. 0. 0 0. 0. 0;
410, 0. 0. 0 0. 0. 0;
420, 0. 0. 0 0. 0. 0;
430, 0. 0. 0 0. 0. 0;
440, 0. 0. 0 0. 0. 0;
450, 0. 0. 0 0. 0. 0;
460, 0. 0. 0 0. 0. 0;
470, 0. 0. 0 0. 0. 0;
480, 0. 0. 0 0. 0. 0;
490, 0. 0. 0 0. 0. 0;
500, 0. 0. 0 0. 0. 0;
510, 0. 0. 0 0. 0. 0;
520, 0. 0. 0 0. 0. 0;
530, 0. 0. 0 0. 0. 0;
540, 0. 0. 0 0. 0. 0;
550, 0. 0. 0 0. 0. 0;
560, 0. 0. 0 0. 0. 0;
570, 0. 0. 0 0. 0. 0;
580, 0. 0. 0 0. 0. 0;
590, 0. 0. 0 0. 0. 0;
600, 0. 0. 0 0. 0. 0;
610, 0. 0. 0 0. 0. 0;
620, 0. 0. 0 0. 0. 0;
630, 0. 0. 0 0. 0. 0;
640, 0. 0. 0 0. 0. 0;
650, 0. 0. 0 0. 0. 0;
660, 0. 0. 0 0. 0. 0;
670, 0. 0. 0 0. 0. 0;
680, 0. 0. 0 0. 0. 0;
690, 0. 0. 0 0. 0. 0;
700, 0. 0. 0 0. 0. 0;
710, 0. 0. 0 0. 0. 0;
720, 0. 0. 0 0. 0. 0;
730, 0. 0. 0 0. 0. 0;
740, 0. 0. 0 0. 0. 0;
750, 0. 0. 0 0. 0. 0;
760, 0. 0. 0 0. 0. 0;
770, 0. 0. 0 0. 0. 0;
780, 0. 0. 0 0. 0. 0;
790, 0. 0. 0 0. 0. 0;
800, 0. 0. 0 0. 0. 0;
810, 0. 0. 0 0. 0. 0;
820, 0. 0. 0 0. 0. 0;
830, 0. 0. 0 0. 0. 0;
840, 0. 0. 0 0. 0. 0;
850, 0. 0. 0 0. 0. 0;
860, 0. 0. 0 0. 0. 0;
870, 0. 0. 0 0. 0. 0;
880, 0. 0. 0 0. 0. 0;
890, 0. 0. 0 0. 0. 0;
900, 0. 0. 0 0. 0. 0;
910, 0. 0. 0 0. 0. 0;
920, 0. 0. 0 0. 0. 0;
930, 0. 0. 0 0. 0. 0;
940, 0. 0. 0 0. 0. 0;
950, 0. 0. 0 0. 0. 0;
960, 0. 0. 0 0. 0. 0;
970, 0. 0. 0 0. 0. 0;
980, 0. 0. 0 0. 0. 0;
990, 0. 0. 0 0. 0. 0;
1000, 0. 0. 0 0. 0. 0;
1010, 0. 0. 0 0. 0. 0;
1020, 0. 0. 0 0. 0. 0;
1030, 0. 0. 0 0. 0. 0;
1040, 0. 0. 0 0. 0. 0;
1050, 0. 0. 0 0. 0. 0;
1060, 0. 0. 0 0. 0. 0;
1070, 0. 0. 0 0. 0. 0;
1080, 0. 0. 0 0. 0. 0;
1090, 0. 0. 0 0. 0. 0;
1100, 0. 0. 0 0. 0. 0;
1110, 0. 0. 0 0. 0. 0;
1120, 0. 0. 0 0. 0. 0;
1130, 0. 0. 0 0. 0. 0;
1140, 0. 0. 0 0. 0. 0;
1150, 0. 0. 0 0. 0. 0;
1160, 0. 0. 0 0. 0. 0;
1170, 0. 0. 0 0. 0. 0;
1180, 0. 0. 0 0. 0. 0;
1190, 0. 0. 0 0. 0. 0;
1200, 0. 0. 0 0. 0. 0;
1210, 0. 0. 0 0. 0. 0;
1220, 0. 0. 0 0. 0. 0;
1230, 0. 0. 0 0. 0. 0;
1240, 0. 0. 0 0. 0. 0;
1250, 0. 0. 0 0. 0. 0;
1260, 0. 0. 0 0. 0. 0;
1270, 0. 0. 0 0. 0. 0;
1280, 0. 0. 0 0. 0. 0;
1290, 0. 0. 0 0. 0. 0;
1300, 0. 0. 0 0. 0. 0;
1310, 0. 0. 0 0. 0. 0;
1320, 0. 0. 0 0. 0. 0;
1330, 0. 0. 0 0. 0. 0;
1340, 0. 0. 0 0. 0. 0;
1350, 0. 0. 0 0. 0. 0;
1360, 0. 0. 0 0. 0. 0;
1370, 0. 0. 0 0. 0. 0;
1380, 0. 0. 0 0. 0. 0;
1390, 0. 0. 0 0. 0. 0;
1400, 0. 0. 0 0. 0. 0;
1410, 0. 0. 0 0. 0. 0;
1420, 0. 0. 0 0. 0. 0;
1430, 0. 0. 0 0. 0. 0;
1440, 0. 0. 0 0. 0. 0;
1450, 0. 0. 0 0. 0. 0;
1460, 0. 0. 0 0. 0. 0;
1470, 0. 0. 0 0. 0. 0;
1480, 0. 0. 0 0. 0. 0;
1490, 0. 0. 0 0. 0. 0;
1500, 0. 0. 0 0. 0. 0;
1510, 0. 0. 0 0. 0. 0;
1520, 0. 0. 0 0. 0. 0;
1530, 0. 0. 0 0. 0. 0;
1540, 0. 0. 0 0. 0. 0;
1550, 0. 0. 0 0. 0. 0;
1560, 0. 0. 0 0. 0. 0;
1570, 0. 0. 0 0. 0. 0;
1580, 0. 0. 0 0. 0. 0;
1590, 0. 0. 0 0. 0. 0;
1600, 0. 0. 0 0. 0. 0;
1610, 0. 0. 0 0. 0. 0;
1620, 0. 0. 0 0. 0. 0;
1630, 0. 0. 0 0. 0. 0;
1640, 0. 0. 0 0. 0. 0;
1650, 0. 0. 0 0. 0. 0;
1660, 0. 0. 0 0. 0. 0;
1670, 0. 0. 0 0. 0. 0;
1680, 0. 0. 0 0. 0. 0;
1690, 0. 0. 0 0. 0. 0;
1700, 0. 0. 0 0. 0. 0;
1710, 0. 0. 0 0. 0. 0;
1720, 0. 0. 0 0. 0. 0;
1730, 0. 0. 0 0. 0. 0;
1740, 0. 0. 0 0. 0. 0;
1750, 0. 0. 0 0. 0. 0;
1760, 0. 0. 0 0. 0. 0;
1770, 0. 0. 0 0. 0. 0;
1780, 0. 0. 0 0. 0. 0;
1790, 0. 0. 0 0. 0. 0;
1800, 0. 0. 0 0. 0. 0;
1810, 0. 0. 0 0. 0. 0;
1820, 0. 0. 0 0. 0. 0;
1830, 0. 0. 0 0. 0. 0;
1840, 0. 0. 0 0. 0. 0;
1850, 0. 0. 0 0. 0. 0;
1860, 0. 0. 0 0. 0. 0;
1870, 0. 0. 0 0. 0. 0;
1880, 0. 0. 0 0. 0. 0;
1890, 0. 0. 0 0. 0. 0;
1900, 0. 0. 0 0. 0. 0;
1910, 0. 0. 0 0. 0. 0;
1920, 0. 0. 0 0. 0. 0;
1930, 0. 0. 0 0. 0. 0;
1940, 0. 0. 0 0. 0. 0;
1950, 0. 0. 0 0. 0. 0;
1960, 0. 0. 0 0. 0. 0;
1970, 0. 0. 0 0. 0. 0;
1980, 0. 0. 0 0. 0. 0;
1990, 0. 0. 0 0. 0. 0;
2000, 0. 0. 0 0. 0. 0;
2010, 0. 0. 0 0. 0. 0;
2020, 0. 0. 0 0. 0. 0;
2030, 0. 0. 0 0. 0. 0;
2040, 0. 0. 0 0. 0. 0;
2050, 0. 0. 0 0. 0. 0;
2060, 0. 0. 0 0. 0. 0;
2070, 0. 0. 0 0. 0. 0;
2080, 0. 0. 0 0. 0. 0;
2090, 0. 0. 0 0. 0. 0;
2100, 0. 0. 0 0. 0. 0;
2110, 0. 0. 0 0. 0. 0;
2120, 0. 0. 0 0. 0. 0;
2130, 0. 0. 0 0. 0. 0;
2140, 0. 0. 0 0. 0. 0;
2150, 0. 0. 0 0. 0. 0;
2160, 0. 0. 0 0. 0. 0;
2170, 0. 0. 0 0. 0. 0;
2180, 0. 0. 0 0. 0. 0;
2190, 0. 0. 0 0. 0. 0;
2200, 0. 0. 0 0. 0. 0;
2210, 0. 0. 0 0. 0. 0;
2220, 0. 0. 0 0. 0. 0;
2230, 0. 0. 0 0. 0. 0;
2240, 0. 0. 0 0. 0. 0;
2250, 0. 0. 0 0. 0. 0;
2260, 0. 0. 0 0. 0. 0;
2270, 0. 0. 0 0. 0. 0;
2280, 0. 0. 0 0. 0. 0;
2290, 0. 0. 0 0. 0. 0;
2300, 0. 0. 0 0. 0. 0;
2310, 0. 0. 0 0. 0. 0;
2320, 0. 0. 0 0. 0. 0;
2330, 0. 0. 0 0. 0. 0;
2340, 0. 0. 0 0. 0. 0;
2350, 0. 0. 0 0. 0. 0;
2360, 0. 0. 0 0. 0. 0;
2370, 0. 0. 0 0. 0. 0;
2380, 0. 0. 0 0. 0. 0;
2390, 0. 0. 0 0. 0. 0;
2400, 0. 0. 0 0. 0. 0;
2410, 0. 0. 0 0. 0. 0;
2420, 0. 0. 0 0. 0. 0;
2430, 0. 0. 0 0. 0. 0;
2440, 0. 0. 0 0. 0. 0;
2450, 0. 0. 0 0. 0. 0;
2460, 0. 0. 0 0. 0. 0;
2470, 0. 0. 0 0. 0. 0;
2480, 0. 0. 0 0. 0. 0;
2490, 0. 0. 0 0. 0. 0;
2500, 0. 0. 0 0. 0. 0;
2510, 0. 0. 0 0. 0. 0;
2520, 0. 0. 0 0. 0. 0;
2530, 0. 0. 0 0. 0. 0;
2540, 0. 0. 0 0. 0. 0;
2550, 0. 0. 0 0. 0. 0;
2560, 0. 0. 0 0. 0. 0;
2570, 0. 0. 0 0. 0. 0;
2580, 0. 0. 0 0. 0. 0;
2590, 0. 0. 0 0. 0. 0;
2600, 0. 0. 0 0. 0. 0;
2610, 0. 0. 0 0. 0. 0;
2620, 0. 0. 0 0. 0. 0;
2630, 0. 0. 0 0. 0. 0;
2640, 0. 0. 0 0. 0. 0;
2650, 0. 0. 0 0. 0. 0;
2660, 0. 0. 0 0. 0. 0;
2670, 0. 0. 0 0. 0. 0;
2680, 0. 0. 0 0. 0. 0;
2690, 0. 0. 0 0. 0. 0;
2700, 0. 0. 0 0. 0. 0;
2710, 0. 0. 0 0. 0. 0;
2720, 0. 0. 0 0. 0. 0;
2730, 0. 0. 0 0. 0. 0;
2740, 0. 0. 0 0. 0. 0;
2750, 0. 0. 0 0. 0. 0;
2760, 0. 0. 0 0. 0. 0;
2770, 0. 0. 0 0. 0. 0;
2780, 0. 0. 0 0. 0. 0;
2790, 0. 0. 0 0. 0. 0;
2800, 0. 0. 0 0. 0. 0;
2810, 0. 0. 0 0. 0. 0;
2820, 0. 0. 0 0. 0. 0;
2830, 0. 0. 0 0. 0. 0;
2840, 0. 0. 0 0. 0. 0;
2850, 0. 0. 0 0. 0. 0;
2860, 0. 0. 0 0. 0. 0;
2870, 0. 0. 0 0. 0. 0;
2880, 0. 0. 0 0. 0. 0;
2890, 0. 0. 0 0. 0. 0;
2900, 0. 0. 0 0. 0. 0;
2910, 0. 0. 0 0. 0. 0;
2920, 0. 0. 0 0. 0. 0;
2930, 0. 0. 0 0. 0. 0;
2940, 0. 0. 0 0. 0. 0;
2950, 0. 0. 0 0. 0. 0;
2960, 0. 0. 0 0. 0. 0;
2970, 0. 0. 0 0. 0. 0;
2980, 0. 0. 0 0. 0. 0;
2990, 0. 0. 0 0. 0. 0;
3000, 0. 0. 0 0. 0. 0;
3010, 0. 0. 0 0. 0. 0;
3020, 0. 0. 0 0. 0. 0;
3030, 0. 0. 0 0. 0. 0;
3040, 0. 0. 0 0. 0. 0;
3050, 0. 0. 0 0. 0. 0;
3060, 0. 0. 0 0. 0. 0;
3070, 0. 0. 0 0. 0. 0;
3080, 0. 0. 0 0. 0. 0;
3090, 0. 0. 0 0. 0. 0;
3100, 0. 0. 0 0. 0. 0;
3110, 0. 0. 0 0. 0. 0;
3120, 0. 0. 0 0. 0. 0;
3130, 0. 0. 0 0. 0. 0;
3140, 0. 0. 0 0. 0. 0;
3150, 0. 0. 0 0. 0. 0;
3160, 0. 0. 0 0. 0. 0;
3170, 0. 0. 0 0. 0. 0;
3180, 0. 0. 0 0. 0. 0;
3190, 0. 0. 0 0. 0. 0;
3200, 0. 0. 0 0. 0. 0;
3210, 0. 0. 0 0. 0. 0;
3220, 0. 0. 0 0. 0. 0;
3230, 0. 0. 0 0. 0. 0;
3240, 0. 0. 0 0. 0. 0;
3250, 0. 0. 0 0. 0. 0;
3260, 0. 0. 0 0. 0. 0;
3270, 0. 0. 0 0. 0. 0;
3280, 0. 0. 0 0. 0. 0;
3290, 0. 0. 0 0. 0. 0;
3300, 0. 0. 0 0. 0. 0;
3310, 0. 0. 0 0. 0. 0;
3320, 0. 0. 0 0. 0. 0;
3330, 0. 0. 0 0. 0. 0;
3340, 0. 0. 0 0. 0. 0;
3350, 0. 0. 0 0. 0. 0;
3360, 0. 0. 0 0. 0. 0;
3370, 0. 0. 0 0. 0. 0;
3380, 0. 0. 0 0. 0. 0;
3390, 0. 0. 0 0. 0. 0;
3400, 0. 0. 0 0. 0. 0;
3410, 0. 0. 0 0. 0. 0;
3420, 0. 0. 0 0. 0. 0;
3430, 0. 0. 0 0. 0. 0;
3440, 0. 0. 0 0. 0. 0;
3450, 0. 0. 0 0. 0. 0;
3460, 0. 0. 0 0. 0. 0;
3470, 0. 0. 0 0. 0. 0;
3480, 0. 0. 0 0. 0. 0;
3490, 0. 0. 0 0. 0. 0;
3500, 0. 0. 0 0. 0. 0;
3510, 0. 0. 0 0. 0. 0;
3520, 0. 0. 0 0. 0. 0;
3530, 0. 0. 0 0. 0. 0;
3540, 0. 0. 0 0. 0. 0;
3550, 0. 0. 0 0. 0. 0;
3560, 0. 0. 0 0. 0. 0;
3570, 0. 0. 0 0. 0. 0;
3580, 0. 0. 0 0. 0. 0;
3590, 0. 0. 0 0. 0. 0;
3600, 0. 0. 0 0. 0. 0;
3610, 0. 0. 0 0. 0. 0;
3620, 0. 0. 0 0. 0. 0;
3630, 0. 0. 0 0. 0. 0;
3640, 0. 0. 0 0. 0. 0;
3650, 0. 0. 0 0. 0. 0;
3660, 0. 0. 0 0. 0. 0;
3670, 0. 0. 0 0. 0. 0;
3680, 0. 0. 0 0. 0. 0;
3690, 0. 0. 0 0. 0. 0;
3700, 0. 0. 0 0. 0. 0;
3710, 0. 0. 0 0. 0. 0;
3720, 0. 0. 0 0. 0. 0;
3730, 0. 0. 0 0. 0. 0;
3740, 0. 0. 0 0. 0. 0;
3750, 0. 0. 0 0. 0. 0;
3760, 0. 0. 0 0. 0. 0;
3770, 0. 0. 0 0. 0. 0;
3780, 0. 0. 0 0. 0. 0;
3790, 0. 0. 0 0. 0. 0;
3800, 0. 0. 0 0. 0. 0;
3810, 0. 0. 0 0. 0. 0;
3820, 0. 0. 0 0. 0. 0;
3830, 0. 0. 0 0. 0. 0;
3840, 0. 0. 0 0. 0. 0;
3850, 0. 0. 0 0. 0. 0;
3860, 0. 0. 0 0. 0. 0;
3870, 0. 0. 0 0. 0. 0;
3880, 0. 0. 0 0. 0. 0;
3890, 0. 0. 0 0. 0. 0;
3900, 0. 0. 0 0. 0. 0;
3910, 0. 0. 0 0. 0. 0;
3920, 0. 0. 0 0. 0. 0;
3930, 0. 0. 0 0. 0. 0;
3940, 0. 0. 0 0. 0. 0;
3950, 0. 0. 0 0. 0. 0;
3960, 0. 0. 0 0. 0. 0;
3970, 0. 0. 0 0. 0. 0;
3980, 0. 0. 0 0. 0. 0;
3990, 0. 0. 0 0. 0. 0;
4000, 0. 0. 0 0. 0. 0;
4010, 0. 0. 0 0. 0. 0;
4020, 0. 0. 0 0. 0. 0;
4030, 0. 0. 0 0. 0. 0;
4040, 0. 0. 0 0. 0. 0;
4050, 0. 0. 0 0. 0. 0;
4060, 0. 0. 0 0. 0. 0;
4070, 0. 0. 0 0. 0. 0;
4080, 0. 0. 0 0. 0. 0;
4090, 0. 0. 0 0. 0. 0;
4100, 0. 0. 0 0. 0. 0;
4110, 0. 0. 0 0. 0. 0;
4120, 0. 0. 0 0. 0. 0;
4130, 0. 0. 0 0. 0. 0;
4140, 0. 0. 0 0. 0. 0;
4150, 0. 0. 0 0. 0. 0;
4160, 0. 0. 0 0. 0. 0;
4170, 0. 0. 0 0. 0. 0;
4180, 0. 0. 0 0. 0. 0;
4190, 0. 0. 0 0. 0. 0;
4200, 0. 0. 0 0. 0. 0;
4210, 0. 0. 0 0. 0. 0;
4220, 0. 0. 0 0. 0. 0;
4230, 0. 0. 0 0. 0. 0;
4240, 0. 0. 0 0. 0. 0;
4250, 0. 0. 0 0. 0. 0;
4260, 0. 0. 0 0. 0. 0;
4270, 0. 0. 0 0. 0. 0;
4280, 0. 0. 0 0. 0. 0;
4290, 0. 0. 0 0. 0. 0;
4300, 0. 0. 0 0. 0. 0;
4310, 0. 0. 0 0. 0. 0;
4320, 0. 0. 0 0. 0. 0;
4330, 0. 0. 0 0. 0. 0;
4340, 0. 0. 0 0. 0. 0;
4350, 0. 0. 0 0. 0. 0;
4360, 0. 0. 0 0. 0. 0;
4370, 0. 0. 0 0. 0. 0;
4380, 0. 0. 0 0. 0. 0;
4390, 0. 0. 0 0. 0. 0;
4400, 0. 0. 0 0. 0. 0;
4410, 0. 0. 0 0. 0. 0;
4420, 0. 0. 0 0. 0. 0;
4430, 0. 0. 0 0. 0. 0;
4440, 0. 0. 0 0. 0. 0;
4450, 0. 0. 0 0. 0. 0;
4460, 0. 0. 0 0. 0. 0;
4470, 0. 0. 0 0. 0. 0;
4480, 0. 0. 0 0. 0. 0;
4490, 0. 0. 0 0. 0. 0;
4500, 0. 0. 0 0. 0. 0;
4510, 0. 0. 0 0. 0. 0;
4520, 0. 0. 0 0. 0. 0;
4530, 0. 0. 0 0. 0. 0;
4540, 0. 0. 0 0. 0. 0;
4550, 0. 0. 0 0. 0. 0;
4560, 0. 0. 0 0. 0. 0;
4570, 0. 0. 0 0. 0. 0;
4580, 0. 0. 0 0. 0. 0;
4590, 0. 0. 0 0. 0. 0;
4600, 0. 0. 0 0. 0. 0;
4610, 0. 0. 0 0. 0. 0;
4620, 0. 0. 0 0. 0. 0;
4630, 0. 0. 0 0. 0. 0;
4640, 0. 0. 0 0. 0. 0;
4650, 0. 0. 0 0. 0. 0;
4660, 0. 0. 0 0. 0. 0;
4670, 0. 0. 0 0. 0. 0;
4680, 0. 0. 0 0. 0. 0;
4690, 0. 0. 0 0. 0. 0;
4700, 0. 0. 0 0. 0. 0;
4710, 0. 0. 0 0. 0. 0;
4720, 0. 0. 0 0. 0. 0;
4730, 0. 0. 0 0. 0. 0;
4740, 0. 0. 0 0. 0. 0;
4750, 0. 0. 0 0. 0. 0;
4760, 0. 0. 0 0. 0. 0;
4770, 0. 0. 0 0. 0. 0;
4780, 0. 0. 0 0. 0. 0;
4790, 0. 0. 0 0. 0. 0;
4800, 0. 0. 0 0. 0. 0;
4810, 0. 0. 0 0. 0. 0;
4820, 0. 0. 0 0. 0. 0;
4830, 0. 0. 0 0. 0. 0;
4840, 0. 0. 0 0. 0. 0;
4850, 0. 0. 0 0. 0. 0;
4860, 0. 0. 0 0. 0. 0;
4870, 0. 0. 0 0. 0. 0;
4880, 0. 0. 0 0. 0. 0;
4890, 0. 0. 0 0. 0. 0;
4900, 0. 0. 0 0. 0. 0;
4910, 0. 0. 0 0. 0. 0;
4920, 0. 0. 0 0. 0. 0;
4930, 0. 0. 0 0. 0. 0;
4940, 0. 0. 0 0. 0. 0;
4950, 0. 0. 0 0. 0. 0;
4960, 0.054167 0.784259 1 0. 0. 0;
4970, 0.054167 0.784259 1 0.055027 0.755817 1;
4980, 0.054167 0.784259 1 0.055027 0.755817 1;
4990, 0.054167 0.784259 1 0.055027 0.755817 1;
5000, 0.054167 0.784259 1 0.055027 0.755817 1;
5010, 0.054167 0.784259 1 0.055027 0.755817 1;
5020, 0.054167 0.784259 1 0.055027 0.755817 1;
5030, 0.054167 0.784259 1 0.055027 0.755817 1;
5040, 0.054167 0.784259 1 0.055027 0.755817 1;
5050, 0.054167 0.784259 1 0.055027 0.755817 1;
5060, 0.054167 0.784259 1 0.055027 0.755817 1;
5070, 0.052083 0.783333 1 0.055027 0.755817 1;
5080, 0.052083 0.783333 1 0.055027 0.755817 1;
5090, 0.052083 0.783333 1 0.055027 0.755817 1;
5100, 0.052083 0.783333 1 0.055027 0.755817 1;
5110, 0.052083 0.783333 1 0.055027 0.755817 1;
5120, 0.052083 0.783333 1 0.055027 0.755817 1;
5130, 0.052083 0.783333 1 0.055027 0.755817 1;
5140, 0.052083 0.783333 1 0.055027 0.755817 1;
5150, 0.052083 0.783333 1 0.055027 0.755817 1;
5160, 0.052083 0.783333 1 0.055027 0.755817 1;
5170, 0.052083 0.783333 1 0.055027 0.755817 1;
5180, 0.052083 0.783333 1 0.055027 0.755817 1;
5190, 0.052083 0.783333 1 0.055027 0.755817 1;
5200, 0.052083 0.783333 1 0.055027 0.755817 1;
5210, 0.052083 0.783333 1 0.055027 0.755817 1;
5220, 0.052083 0.783333 1 0.055027 0.755817 1;
5230, 0.052083 0.783333 1 0.055027 0.755817 1;
5240, 0.052083 0.783333 1 0.055027 0.755817 1;
5250, 0.052083 0.783333 1 0.055027 0.755817 1;
5260, 0.052083 0.783333 1 0.055027 0.755817 1;
5270, 0.052083 0.783333 1 0.055027 0.755817 1;
5280, 0.052083 0.783333 1 0.055027 0.755817 1;
5290, 0.052083 0.783333 1 0.055027 0.755817 1;
5300, 0.052083 0.783333 1 0.055027 0.755817 1;
5310, 0.052083 0.783333 1 0.055027 0.755817 1;
5320, 0.052083 0.783333 1 0.055027 0.755817 1;
5330, 0.052083 0.783333 1 0.055027 0.755817 1;
5340, 0.052083 0.783333 1 0.055027 0.755817 1;
5350, 0.052083 0.783333 1 0.055027 0.755817 1;
5360, 0.052083 0.783333 1 0.055027 0.755817 1;
5370, 0.052083 0.783333 1 0.055027 0.755817 1;
5380, 0.052083 0.783333 1 0.055027 0.755817 1;
5390, 0.052083 0.783333 1 0.055027 0.755817 1;
5400, 0.052083 0.783333 1 0.055027 0.755817 1;
5410, 0.052083 0.783333 1 0.055027 0.755817 1;
5420, 0.052083 0.783333 1 0.055027 0.755817 1;
5430, 0.052083 0.783333 1 0.055027 0.755817 1;
5440, 0.052083 0.783333 1 0.055027 0.755817 1;
5450, 0.052083 0.783333 1 0.055027 0.755817 1;
5460, 0.052083 0.783333 1 0.055027 0.755817 1;
5470, 0.052083 0.783333 1 0.055027 0.755817 1;
5480, 0.052083 0.783333 1 0.055027 0.755817 1;
5490, 0.052083 0.783333 1 0.055027 0.755817 1;
5500, 0.052083 0.783333 1 0.055027 0.755817 1;
5510, 0.052083 0.783333 1 0.055027 0.755817 1;
5520, 0.052083 0.783333 1 0.055027 0.755817 1;
5530, 0.052083 0.783333 1 0.055027 0.755817 1;
5540, 0.052083 0.783333 1 0.055027 0.755817 1;
5550, 0.052083 0.783333 1 0.055027 0.755817 1;
5560, 0.052083 0.783333 1 0.055027 0.755817 1;
5570, 0.052083 0.783333 1 0.055027 0.755817 1;
5580, 0.052083 0.783333 1 0.055027 0.755817 1;
5590, 0.052083 0.783333 1 0.055027 0.755817 1;
5600, 0.052083 0.783333 1 0.055027 0.755817 1;
5610, 0.052083 0.783333 1 0.055027 0.755817 1;
5620, 0.052083 0.783333 1 0.055027 0.755817 1;
5630, 0.052604 0.784259 1 0.055027 0.755817 1;
5640, 0.052604 0.784259 1 0.055027 0.755817 1;
5650, 0.052604 0.784259 1 0.055027 0.755817 1;
5660, 0.052604 0.784259 1 0.055027 0.755817 1;
5670, 0.052604 0.784259 1 0.055027 0.755817 1;
5680, 0.052604 0.784259 1 0.055027 0.755817 1;
5690, 0.052604 0.784259 1 0.055027 0.755817 1;
5700, 0.052604 0.784259 1 0.055027 0.755817 1;
5710, 0.052604 0.784259 1 0.055027 0.755817 1;
5720, 0.052604 0.784259 1 0.055027 0.755817 1;
5730, 0.052604 0.784259 1 0.055027 0.755817 1;
5740, 0.052604 0.784259 1 0.055027 0.755817 1;
5750, 0.052604 0.784259 1 0.055027 0.755817 1;
5760, 0.052604 0.784259 1 0.055027 0.755817 1;
5770, 0.052604 0.784259 1 0.055027 0.755817 1;
5780, 0.052604 0.784259 1 0.055027 0.755817 1;
5790, 0.052604 0.784259 1 0.055027 0.755817 1;
5800, 0.052604 0.784259 1 0.055027 0.755817 1;
5810, 0.052604 0.784259 1 0.055027 0.755817 1;
5820, 0.052604 0.784259 1 0.055027 0.755817 1;
5830, 0.052604 0.784259 1 0.055027 0.755817 1;
5840, 0.052604 0.784259 1 0.055027 0.755817 1;
5850, 0.052604 0.784259 1 0.055027 0.755817 1;
5860, 0.052604 0.784259 1 0.055027 0.755817 1;
5870, 0.053125 0.785185 1 0.055027 0.755817 1;
5880, 0.053125 0.785185 1 0.055027 0.755817 1;
5890, 0.053125 0.785185 1 0.055027 0.755817 1;
5900, 0.053125 0.785185 1 0.055027 0.755817 1;
5910, 0.053125 0.785185 1 0.055027 0.755817 1;
5920, 0.053125 0.785185 1 0.055027 0.755817 1;
5930, 0.053125 0.785185 1 0.055027 0.755817 1;
5940, 0.053125 0.785185 1 0.055027 0.755817 1;
5950, 0.053125 0.785185 1 0.055027 0.755817 1;
5960, 0.053125 0.785185 1 0.055027 0.755817 1;
5970, 0.053125 0.785185 1 0.055027 0.755817 1;
5980, 0.053125 0.785185 1 0.055027 0.755817 1;
5990, 0.053125 0.785185 1 0.055027 0.755817 1;
6000, 0.053125 0.785185 1 0.055027 0.755817 1;
6010, 0.053125 0.785185 1 0.055027 0.755817 1;
6020, 0.053125 0.785185 1 0.055027 0.755817 1;
6030, 0.053125 0.785185 1 0.055027 0.755817 1;
6040, 0.053125 0.785185 1 0.055027 0.755817 1;
6050, 0.053125 0.785185 1 0.055027 0.755817 1;
6060, 0.053125 0.785185 1 0.055027 0.755817 1;
6070, 0.053125 0.785185 1 0.055027 0.755817 1;
6080, 0.053125 0.785185 1 0.055027 0.755817 1;
6090, 0.053125 0.785185 1 0.055027 0.755817 1;
6100, 0.053125 0.785185 1 0.055027 0.755817 1;
6110, 0.053125 0.785185 1 0.055027 0.755817 1;
6120, 0.053125 0.785185 1 0.055027 0.755817 1;
6130, 0.053125 0.785185 1 0.055027 0.755817 1;
6140, 0.053125 0.785185 1 0.055027 0.755817 1;
6150, 0.053125 0.785185 1 0.055027 0.755817 1;
6160, 0.053125 0.785185 1 0.055027 0.755817 1;
6170, 0.053125 0.785185 1 0.055027 0.755817 1;
6180, 0.053125 0.785185 1 0.055027 0.755817 1;
6190, 0.053125 0.785185 1 0.055027 0.755817 1;
6200, 0.053125 0.785185 1 0.055027 0.755817 1;
6210, 0.053125 0.785185 1 0.055027 0.755817 1;
6220, 0.053125 0.785185 1 0.055027 0.755817 1;
6230, 0.053125 0.785185 1 0.055027 0.755817 1;
6240, 0.053646 0.786111 1 0.055027 0.755817 1;
6250, 0.053646 0.786111 1 0.055027 0.755817 1;
6260, 0.053646 0.786111 1 0.055027 0.755817 1;
6270, 0.053646 0.786111 1 0.055027 0.755817 1;
6280, 0.053646 0.786111 1 0.055027 0.755817 1;
6290, 0.053646 0.786111 1 0.055027 0.755817 1;
6300, 0.053646 0.786111 1 0.055027 0.755817 1;
6310, 0.053646 0.786111 1 0.055027 0.755817 1;
6320, 0.053646 0.786111 1 0.055027 0.755817 1;
6330, 0.053646 0.786111 1 0.055027 0.755817 1;
6340, 0.053646 0.786111 1 0.055027 0.755817 1;
6350, 0.053646 0.786111 1 0.055027 0.755817 1;
6360, 0.053646 0.786111 1 0.055027 0.755817 1;
6370, 0.053646 0.786111 1 0.055027 0.755817 1;
6380, 0.053646 0.786111 1 0.055027 0.755817 1;
6390, 0.053646 0.786111 1 0.055027 0.755817 1;
6400, 0.053646 0.786111 1 0.055027 0.755817 1;
6410, 0.053646 0.786111 1 0.055027 0.755817 1;
6420, 0.053646 0.786111 1 0.055027 0.755817 1;
6430, 0.053646 0.786111 1 0.055027 0.755817 1;
6440, 0.053646 0.786111 1 0.055027 0.755817 1;
6450, 0.053646 0.786111 1 0.055027 0.755817 1;
6460, 0.053646 0.786111 1 0.055027 0.755817 1;
6470, 0.053646 0.786111 1 0.055027 0.755817 1;
6480, 0.053646 0.786111 1 0.055027 0.755817 1;
6490, 0.053646 0.786111 1 0.055027 0.755817 1;
6500, 0.053646 0.786111 1 0.055027 0.755817 1;
6510, 0.053646 0.786111 1 0.055027 0.755817 1;
6520, 0.053646 0.786111 1 0.055027 0.755817 1;
6530, 0.053646 0.786111 1 0.055027 0.755817 1;
6540, 0.053646 0.786111 1 0.055027 0.755817 1;
6550, 0.053646 0.786111 1 0.055027 0.755817 1;
6560, 0.053646 0.786111 1 0.055027 0.755817 1;
6570, 0.053646 0.786111 1 0.055027 0.755817 1;
6580, 0.053646 0.786111 1 0.055027 0.755817 1;
6590, 0.053646 0.786111 1 0.055027 0.755817 1;
6600, 0.053646 0.786111 1 0.055027 0.755817 1;
6610, 0.053646 0.786111 1 0.055027 0.755817 1;
6620, 0.053646 0.786111 1 0.055027 0.755817 1;
6630, 0.053646 0.786111 1 0.055027 0.755817 1;
6640, 0.053646 0.786111 1 0.055027 0.755817 1;
6650, 0.053646 0.786111 1 0.055027 0.755817 1;
6660, 0.053646 0.786111 1 0.055027 0.755817 1;
6670, 0.053646 0.786111 1 0.055027 0.755817 1;
6680, 0.053646 0.786111 1 0.055027 0.755817 1;
6690, 0.053646 0.786111 1 0.055027 0.755817 1;
6700, 0.053646 0.786111 1 0.055027 0.755817 1;
6710, 0.053125 0.785185 1 0.055027 0.755817 1;
6720, 0.053125 0.785185 1 0.055027 0.755817 1;
6730, 0.053125 0.785185 1 0.055027 0.755817 1;
6740, 0.053125 0.785185 1 0.055027 0.755817 1;
6750, 0.053125 0.785185 1 0.055027 0.755817 1;
6760, 0.053125 0.785185 1 0.055027 0.755817 1;
6770, 0.053125 0.785185 1 0.055027 0.755817 1;
6780, 0.053125 0.785185 1 0.055027 0.755817 1;
6790, 0.053125 0.784259 1 0.055027 0.755817 1;
6800, 0.053125 0.784259 1 0.055027 0.755817 1;
6810, 0.053125 0.784259 1 0.055027 0.755817 1;
6820, 0.053125 0.784259 1 0.055027 0.755817 1;
6830, 0.053125 0.784259 1 0.055027 0.755817 1;
6840, 0.053125 0.784259 1 0.055027 0.755817 1;
6850, 0.052083 0.783333 1 0.055027 0.755817 1;
6860, 0.052083 0.783333 1 0.055027 0.755817 1;
6870, 0.052083 0.781482 1 0.055027 0.755817 1;
6880, 0.052083 0.781482 1 0.055027 0.755817 1;
6890, 0.052083 0.780556 1 0.055027 0.755817 1;
6900, 0.051562 0.778704 1 0.055027 0.755817 1;
6910, 0.051562 0.777778 1 0.055027 0.755817 1;
6920, 0.051562 0.775926 1 0.055027 0.755817 1;
6930, 0.051562 0.773148 1 0.055027 0.755817 1;
6940, 0.051042 0.772222 1 0.055027 0.755817 1;
6950, 0.051042 0.768519 1 0.055027 0.755817 1;
6960, 0.051042 0.766667 1 0.055027 0.755817 1;
6970, 0.051042 0.762037 1 0.055027 0.755817 1;
6980, 0.051042 0.758333 1 0.055027 0.755817 1;
6990, 0.051042 0.752778 1 0.055027 0.755817 1;
7000, 0.050521 0.747222 1 0.055027 0.755817 1;
7010, 0.050521 0.747222 1 0.055027 0.755817 1;
7020, 0.050521 0.738889 1 0.055027 0.755817 1;
7030, 0.050521 0.736111 1 0.055027 0.755817 1;
7040, 0.050521 0.730556 1 0.055027 0.755817 1;
7050, 0.050521 0.727778 1 0.055027 0.755817 1;
7060, 0.05 0.721296 1 0.055027 0.755817 1;
7070, 0.05 0.719444 1 0.055027 0.755817 1;
7080, 0.05 0.712963 1 0.055027 0.755817 1;
7090, 0.05 0.707407 1 0.055027 0.755817 1;
7100, 0.049479 0.703704 1 0.055027 0.755817 1;
7110, 0.049479 0.698148 1 0.055027 0.755817 1;
7120, 0.049479 0.694444 1 0.055027 0.755817 1;
7130, 0.049479 0.688889 1 0.055027 0.755817 1;
7140, 0.049479 0.685185 1 0.055027 0.755817 1;
7150, 0.049479 0.67963 1 0.055027 0.755817 1;
7160, 0.049479 0.673148 1 0.055027 0.755817 1;
7170, 0.049479 0.669444 1 0.055027 0.755817 1;
7180, 0.05 0.662037 1 0.055027 0.755817 1;
7190, 0.050521 0.658333 1 0.055027 0.755817 1;
7200, 0.050521 0.650926 1 0.055027 0.755817 1;
7210, 0.051042 0.648148 1 0.055027 0.755817 1;
7220, 0.051042 0.642593 1 0.055027 0.755817 1;
7230, 0.051042 0.633333 1 0.055027 0.755817 1;
7240, 0.051562 0.62963 1 0.055027 0.755817 1;
7250, 0.051562 0.623148 1 0.055027 0.755817 1;
7260, 0.051562 0.616667 1 0.055027 0.755817 1;
7270, 0.051562 0.613889 1 0.055027 0.755817 1;
7280, 0.051562 0.607407 1 0.055027 0.755817 1;
7290, 0.051562 0.60463 1 0.055027 0.755817 1;
7300, 0.051562 0.599074 1 0.055027 0.755817 1;
7310, 0.051562 0.596296 1 0.055027 0.755817 1;
7320, 0.051562 0.591667 1 0.055027 0.755817 1;
7330, 0.051562 0.587037 1 0.055027 0.755817 1;
7340, 0.051562 0.585185 1 0.055027 0.755817 1;
7350, 0.051562 0.580556 1 0.055027 0.755817 1;
7360, 0.051562 0.578704 1 0.055027 0.755817 1;
7370, 0.051562 0.574074 1 0.055027 0.755817 1;
7380, 0.051562 0.57037 1 0.055027 0.755817 1;
7390, 0.052083 0.567593 1 0.055027 0.755817 1;
7400, 0.052083 0.563889 1 0.055027 0.755817 1;
7410, 0.052083 0.562037 1 0.055027 0.755817 1;
7420, 0.052604 0.559259 1 0.055027 0.755817 1;
7430, 0.052604 0.559259 1 0.055027 0.755817 1;
7440, 0.053125 0.556481 1 0.055027 0.755817 1;
7450, 0.053125 0.556481 1 0.055027 0.755817 1;
7460, 0.053125 0.555556 1 0.055027 0.755817 1;
7470, 0.053125 0.555556 1 0.055027 0.755817 1;
7480, 0.053125 0.555556 1 0.055027 0.755817 1;
7490, 0.053125 0.555556 1 0.055027 0.755817 1;
7500, 0.054167 0.555556 1 0.055027 0.755817 1;
7510, 0.054688 0.556481 1 0.055027 0.755817 1;
7520, 0.054688 0.556481 1 0.055027 0.755817 1;
7530, 0.054688 0.557407 1 0.055027 0.755817 1;
7540, 0.055208 0.559259 1 0.055027 0.755817 1;
7550, 0.055729 0.560185 1 0.055027 0.755817 1;
7560, 0.05625 0.561111 1 0.055027 0.755817 1;
7570, 0.05625 0.562963 1 0.055027 0.755817 1;
7580, 0.056771 0.563889 1 0.055027 0.755817 1;
7590, 0.057292 0.565741 1 0.055027 0.755817 1;
7600, 0.057813 0.568519 1 0.055027 0.755817 1;
7610, 0.057813 0.569444 1 0.055027 0.755817 1;
7620, 0.058333 0.572222 1 0.055027 0.755817 1;
7630, 0.058333 0.575926 1 0.055027 0.755817 1;
7640, 0.058333 0.577778 1 0.055027 0.755817 1;
7650, 0.058854 0.582407 1 0.055027 0.755817 1;
7660, 0.058854 0.584259 1 0.055027 0.755817 1;
7670, 0.058854 0.587963 1 0.055027 0.755817 1;
7680, 0.059375 0.594444 1 0.055027 0.755817 1;
7690, 0.059375 0.597222 1 0.055027 0.755817 1;
7700, 0.059375 0.602778 1 0.055027 0.755817 1;
7710, 0.059896 0.60463 1 0.055027 0.755817 1;
7720, 0.059896 0.610185 1 0.055027 0.755817 1;
7730, 0.059896 0.612037 1 0.055027 0.755817 1;
7740, 0.060417 0.615741 1 0.055027 0.755817 1;
7750, 0.060417 0.617593 1 0.055027 0.755817 1;
7760, 0.060417 0.626852 1 0.055027 0.755817 1;
7770, 0.060417 0.632407 1 0.055027 0.755817 1;
7780, 0.060417 0.635185 1 0.055027 0.755817 1;
7790, 0.060417 0.637037 1 0.055027 0.755817 1;
7800, 0.060417 0.640741 1 0.055027 0.755817 1;
7810, 0.060938 0.64537 1 0.055027 0.755817 1;
7820, 0.060938 0.647222 1 0.055027 0.755817 1;
7830, 0.060938 0.650926 1 0.055027 0.755817 1;
7840, 0.060938 0.652778 1 0.055027 0.755817 1;
7850, 0.060938 0.656482 1 0.055027 0.755817 1;
7860, 0.060938 0.660185 1 0.055027 0.755817 1;
7870, 0.060938 0.661111 1 0.055027 0.755817 1;
7880, 0.060938 0.664815 1 0.055027 0.755817 1;
7890, 0.060938 0.665741 1 0.055027 0.755817 1;
7900, 0.060938 0.668519 1 0.055027 0.755817 1;
7910, 0.060938 0.671296 1 0.055027 0.755817 1;
7920, 0.060938 0.673148 1 0.055027 0.755817 1;
7930, 0.060938 0.675926 1 0.055027 0.755817 1;
7940, 0.060938 0.676852 1 0.055027 0.755817 1;
7950, 0.061458 0.678704 1 0.055027 0.755817 1;
7960, 0.061458 0.67963 1 0.055027 0.755817 1;
7970, 0.061458 0.681481 1 0.055027 0.755817 1;
7980, 0.061979 0.683333 1 0.055027 0.755817 1;
7990, 0.061979 0.685185 1 0.055027 0.755817 1;
8000, 0.061979 0.686111 1 0.055027 0.755817 1;
8010, 0.0625 0.687963 1 0.055027 0.755817 1;
8020, 0.0625 0.688889 1 0.055027 0.755817 1;
8030, 0.0625 0.689815 1 0.055027 0.755817 1;
8040, 0.0625 0.691667 1 0.055027 0.755817 1;
8050, 0.063021 0.692593 1 0.055027 0.755817 1;
8060, 0.063021 0.694444 1 0.055027 0.755817 1;
8070, 0.063542 0.697222 1 0.055027 0.755817 1;
8080, 0.063542 0.697222 1 0.055027 0.755817 1;
8090, 0.064062 0.700926 1 0.055027 0.755817 1;
8100, 0.064062 0.700926 1 0.055027 0.755817 1;
8110, 0.064062 0.703704 1 0.055027 0.755817 1;
8120, 0.064583 0.706481 1 0.055027 0.755817 1;
8130, 0.064583 0.707407 1 0.055027 0.755817 1;
8140, 0.065104 0.710185 1 0.056726 0.753694 1;
8150, 0.065104 0.710185 1 0.056726 0.753694 1;
8160, 0.065625 0.713889 1 0.056726 0.753694 1;
8170, 0.065625 0.714815 1 0.056726 0.753694 1;
8180, 0.065625 0.717593 1 0.056726 0.753694 1;
8190, 0.065625 0.717593 1 0.056726 0.753694 1;
8200, 0.066146 0.721296 1 0.056726 0.753694 1;
8210, 0.066146 0.723148 1 0.056726 0.753694 1;
8220, 0.066146 0.724074 1 0.056726 0.753694 1;
8230, 0.066667 0.725926 1 0.056726 0.753694 1;
8240, 0.066667 0.727778 1 0.056726 0.753694 1;
8250, 0.066667 0.728704 1 0.056726 0.753694 1;
8260, 0.067188 0.72963 1 0.056726 0.753694 1;
8270, 0.067188 0.731481 1 0.056726 0.753694 1;
8280, 0.067708 0.732407 1 0.056726 0.753694 1;
8290, 0.067708 0.734259 1 0.056726 0.753694 1;
8300, 0.068229 0.735185 1 0.056726 0.753694 1;
8310, 0.068229 0.736111 1 0.056726 0.753694 1;
8320, 0.068229 0.737963 1 0.056726 0.753694 1;
8330, 0.068229 0.738889 1 0.056726 0.753694 1;
8340, 0.068229 0.738889 1 0.056726 0.753694 1;
8350, 0.06875 0.740741 1 0.056726 0.753694 1;
8360, 0.06875 0.741667 1 0.056726 0.753694 1;
8370, 0.069271 0.742593 1 0.056726 0.753694 1;
8380, 0.069271 0.744444 1 0.057575 0.753694 1;
8390, 0.069271 0.744444 1 0.057575 0.753694 1;
8400, 0.069792 0.74537 1 0.057575 0.753694 1;
8410, 0.069792 0.747222 1 0.057575 0.753694 1;
8420, 0.069792 0.748148 1 0.057575 0.753694 1;
8430, 0.070312 0.75 1 0.058424 0.754755 1;
8440, 0.070312 0.750926 1 0.058424 0.754755 1;
8450, 0.070312 0.751852 1 0.058424 0.754755 1;
8460, 0.070833 0.753704 1 0.058424 0.754755 1;
8470, 0.070833 0.753704 1 0.058424 0.754755 1;
8480, 0.070833 0.755556 1 0.059273 0.754755 1;
8490, 0.071354 0.756481 1 0.059273 0.754755 1;
8500, 0.071875 0.759259 1 0.059273 0.754755 1;
8510, 0.071875 0.759259 1 0.059273 0.754755 1;
8520, 0.072396 0.762037 1 0.060122 0.754755 1;
8530, 0.072396 0.762037 1 0.060122 0.754755 1;
8540, 0.073437 0.763889 1 0.060122 0.754755 1;
8550, 0.073958 0.766667 1 0.060122 0.755817 1;
8560, 0.073958 0.766667 1 0.060122 0.755817 1;
8570, 0.075521 0.77037 1 0.060971 0.755817 1;
8580, 0.076042 0.771296 1 0.060971 0.755817 1;
8590, 0.076563 0.773148 1 0.06267 0.756878 1;
8600, 0.077083 0.774074 1 0.063519 0.75794 1;
8610, 0.078125 0.776852 1 0.064368 0.75794 1;
8620, 0.079167 0.77963 1 0.065217 0.759001 1;
8630, 0.079687 0.780556 1 0.066916 0.760063 1;
8640, 0.080729 0.783333 1 0.068614 0.761124 1;
8650, 0.081771 0.784259 1 0.070312 0.762186 1;
8660, 0.081771 0.785185 1 0.071162 0.762186 1;
8670, 0.083333 0.787037 1 0.07286 0.763247 1;
8680, 0.084896 0.788889 1 0.073709 0.764309 1;
8690, 0.086458 0.790741 1 0.076257 0.76537 1;
8700, 0.0875 0.791667 1 0.078804 0.767493 1;
8710, 0.089062 0.792593 1 0.081352 0.768555 1;
8720, 0.090104 0.793519 1 0.083899 0.769616 1;
8730, 0.091667 0.794444 1 0.084749 0.769616 1;
8740, 0.092708 0.79537 1 0.087296 0.770678 1;
8750, 0.09375 0.796296 1 0.088995 0.770678 1;
8760, 0.095833 0.797222 1 0.091542 0.771739 1;
8770, 0.096875 0.797222 1 0.09409 0.771739 1;
8780, 0.098438 0.798148 1 0.094939 0.772801 1;
8790, 0.099479 0.799074 1 0.098336 0.772801 1;
8800, 0.101562 0.8 1 0.099185 0.772801 1;
8810, 0.104167 0.800926 1 0.101732 0.773862 1;
8820, 0.105208 0.800926 1 0.10428 0.773862 1;
8830, 0.106771 0.801852 1 0.105129 0.773862 1;
8840, 0.107813 0.802778 1 0.107677 0.773862 1;
8850, 0.109896 0.803704 1 0.109375 0.773862 1;
8860, 0.1125 0.80463 1 0.111923 0.773862 1;
8870, 0.113021 0.80463 1 0.112772 0.773862 1;
8880, 0.115625 0.805556 1 0.115319 0.772801 1;
8890, 0.116667 0.805556 1 0.116168 0.772801 1;
8900, 0.119271 0.805556 1 0.117018 0.772801 1;
8910, 0.120833 0.805556 1 0.119565 0.771739 1;
8920, 0.122917 0.805556 1 0.121264 0.771739 1;
8930, 0.124479 0.805556 1 0.122962 0.770678 1;
8940, 0.128125 0.805556 1 0.12466 0.770678 1;
8950, 0.13125 0.80463 1 0.127208 0.769616 1;
8960, 0.132812 0.80463 1 0.128057 0.769616 1;
8970, 0.135937 0.80463 1 0.129755 0.768555 1;
8980, 0.1375 0.803704 1 0.131454 0.767493 1;
8990, 0.141146 0.802778 1 0.133152 0.766432 1;
9000, 0.144271 0.801852 1 0.134851 0.766432 1;
9010, 0.146354 0.801852 1 0.136549 0.76537 1;
9020, 0.149479 0.8 1 0.137398 0.764309 1;
9030, 0.151562 0.8 1 0.139946 0.763247 1;
9040, 0.155208 0.797222 1 0.140795 0.762186 1;
9050, 0.156771 0.796296 1 0.141644 0.761124 1;
9060, 0.158854 0.79537 1 0.142493 0.760063 1;
9070, 0.164062 0.791667 1 0.145041 0.75794 1;
9080, 0.166146 0.790741 1 0.146739 0.755817 1;
9090, 0.16875 0.787963 1 0.147588 0.754755 1;
9100, 0.170312 0.787037 1 0.149287 0.751571 1;
9110, 0.173438 0.784259 1 0.151834 0.749448 1;
9120, 0.175 0.783333 1 0.153533 0.747325 1;
9130, 0.177604 0.77963 1 0.153533 0.746264 1;
9140, 0.180208 0.776852 1 0.154382 0.745202 1;
9150, 0.181771 0.775 1 0.155231 0.743079 1;
9160, 0.184375 0.771296 1 0.156929 0.739895 1;
9170, 0.185937 0.769444 1 0.156929 0.738833 1;
9180, 0.188542 0.765741 1 0.158628 0.73671 1;
9190, 0.189583 0.762963 1 0.158628 0.735649 1;
9200, 0.192188 0.759259 1 0.159477 0.732464 1;
9210, 0.19375 0.755556 1 0.160326 0.72928 1;
9220, 0.194792 0.752778 1 0.161175 0.728218 1;
9230, 0.196354 0.749074 1 0.162024 0.725034 1;
9240, 0.197396 0.747222 1 0.162024 0.72185 1;
9250, 0.198958 0.742593 1 0.162024 0.720788 1;
9260, 0.200521 0.737963 1 0.162024 0.717604 1;
9270, 0.201562 0.736111 1 0.162874 0.714419 1;
9280, 0.202083 0.733333 1 0.162874 0.712296 1;
9290, 0.203125 0.727778 1 0.162874 0.710173 1;
9300, 0.203646 0.725 1 0.162874 0.70805 1;
9310, 0.205208 0.719444 1 0.162874 0.704866 1;
9320, 0.205729 0.714815 1 0.162874 0.70062 1;
9330, 0.20625 0.712037 1 0.162874 0.698497 1;
9340, 0.206771 0.706481 1 0.162874 0.695313 1;
9350, 0.206771 0.703704 1 0.162874 0.691067 1;
9360, 0.207292 0.701852 1 0.162024 0.688944 1;
9370, 0.207292 0.698148 1 0.162024 0.685759 1;
9380, 0.207292 0.693519 1 0.162024 0.682575 1;
9390, 0.207292 0.690741 1 0.162024 0.681513 1;
9400, 0.206771 0.687037 1 0.162024 0.680452 1;
9410, 0.206771 0.683333 1 0.161175 0.677267 1;
9420, 0.20625 0.67963 1 0.161175 0.677267 1;
9430, 0.20625 0.675 1 0.160326 0.674083 1;
9440, 0.20625 0.673148 1 0.160326 0.673021 1;
9450, 0.205729 0.668519 1 0.159477 0.670898 1;
9460, 0.205729 0.666667 1 0.159477 0.669837 1;
9470, 0.204688 0.662963 1 0.158628 0.668775 1;
9480, 0.204167 0.661111 1 0.157779 0.666653 1;
9490, 0.203646 0.657407 1 0.157779 0.665591 1;
9500, 0.203125 0.656482 1 0.156929 0.663468 1;
9510, 0.202604 0.652778 1 0.156929 0.663468 1;
9520, 0.202083 0.651852 1 0.15608 0.662407 1;
9530, 0.201562 0.649074 1 0.15608 0.661345 1;
9540, 0.201042 0.647222 1 0.155231 0.659222 1;
9550, 0.2 0.64537 1 0.155231 0.659222 1;
9560, 0.199479 0.643519 1 0.155231 0.658161 1;
9570, 0.198958 0.642593 1 0.154382 0.657099 1;
9580, 0.198437 0.640741 1 0.154382 0.656038 1;
9590, 0.197917 0.639815 1 0.153533 0.654976 1;
9600, 0.197396 0.639815 1 0.152683 0.653915 1;
9610, 0.197396 0.639815 1 0.152683 0.653915 1;
9620, 0.196354 0.638889 1 0.152683 0.652853 1;
9630, 0.195833 0.637963 1 0.151834 0.651792 1;
9640, 0.195312 0.634259 1 0.150985 0.65073 1;
9650, 0.194792 0.631481 1 0.150136 0.649669 1;
9660, 0.194792 0.62963 1 0.149287 0.648607 1;
9670, 0.194271 0.626852 1 0.149287 0.647546 1;
9680, 0.19375 0.625926 1 0.148438 0.646484 1;
9690, 0.193229 0.624074 1 0.148438 0.645423 1;
9700, 0.192188 0.623148 1 0.147588 0.644361 1;
9710, 0.191667 0.622222 1 0.146739 0.6433 1;
9720, 0.191667 0.622222 1 0.14589 0.642238 1;
9730, 0.191146 0.621296 1 0.14589 0.641177 1;
9740, 0.190625 0.621296 1 0.145041 0.640115 1;
9750, 0.190104 0.62037 1 0.144192 0.639054 1;
9760, 0.190104 0.62037 1 0.143342 0.636931 1;
9770, 0.189063 0.619444 1 0.143342 0.636931 1;
9780, 0.188542 0.618519 1 0.142493 0.634808 1;
9790, 0.188021 0.617593 1 0.141644 0.633747 1;
9800, 0.188021 0.617593 1 0.140795 0.632685 1;
9810, 0.186979 0.615741 1 0.139946 0.632685 1;
9820, 0.186458 0.614815 1 0.139096 0.631624 1;
9830, 0.185937 0.613889 1 0.139096 0.630562 1;
9840, 0.185417 0.612963 1 0.138247 0.629501 1;
9850, 0.185417 0.612963 1 0.137398 0.628439 1;
9860, 0.184375 0.612037 1 0.137398 0.628439 1;
9870, 0.183854 0.611111 1 0.136549 0.627378 1;
9880, 0.182812 0.610185 1 0.1357 0.626316 1;
9890, 0.182812 0.609259 1 0.1357 0.625255 1;
9900, 0.181771 0.608333 1 0.134851 0.624193 1;
9910, 0.18125 0.607407 1 0.134001 0.624193 1;
9920, 0.180729 0.606481 1 0.134001 0.624193 1;
9930, 0.179688 0.606481 1 0.133152 0.623132 1;
9940, 0.178646 0.60463 1 0.132303 0.62207 1;
9950, 0.178646 0.603704 1 0.132303 0.62207 1;
9960, 0.177604 0.603704 1 0.131454 0.621009 1;
9970, 0.177083 0.602778 1 0.130605 0.619947 1;
9980, 0.176042 0.601852 1 0.130605 0.619947 1;
9990, 0.175 0.6 1 0.129755 0.618886 1;
10000, 0.174479 0.6 1 0.129755 0.618886 1;
10010, 0.173438 0.599074 1 0.129755 0.618886 1;
10020, 0.172917 0.598148 1 0.128906 0.617824 1;
10030, 0.171875 0.597222 1 0.128057 0.616763 1;
10040, 0.171354 0.596296 1 0.128057 0.616763 1;
10050, 0.170833 0.59537 1 0.127208 0.616763 1;
10060, 0.169792 0.594444 1 0.126359 0.615701 1;
10070, 0.16875 0.593518 1 0.12551 0.61464 1;
10080, 0.167708 0.592593 1 0.12551 0.61464 1;
10090, 0.167187 0.592593 1 0.12466 0.61464 1;
10100, 0.166146 0.591667 1 0.12466 0.613578 1;
10110, 0.165625 0.590741 1 0.12466 0.613578 1;
10120, 0.164583 0.590741 1 0.123811 0.613578 1;
10130, 0.164062 0.589815 1 0.122962 0.612517 1;
10140, 0.1625 0.588889 1 0.122113 0.611456 1;
10150, 0.1625 0.588889 1 0.121264 0.611456 1;
10160, 0.160938 0.587963 1 0.120414 0.611456 1;
10170, 0.159896 0.587037 1 0.119565 0.610394 1;
10180, 0.159375 0.587037 1 0.118716 0.610394 1;
10190, 0.158333 0.586111 1 0.118716 0.610394 1;
10200, 0.158333 0.586111 1 0.117867 0.609333 1;
10210, 0.157813 0.586111 1 0.117018 0.608271 1;
10220, 0.156771 0.586111 1 0.117018 0.608271 1;
10230, 0.155729 0.586111 1 0.116168 0.608271 1;
10240, 0.154167 0.586111 1 0.116168 0.608271 1;
10250, 0.154167 0.586111 1 0.115319 0.608271 1;
10260, 0.153646 0.586111 1 0.11447 0.60721 1;
10270, 0.152604 0.586111 1 0.11447 0.60721 1;
10280, 0.151562 0.586111 1 0.113621 0.60721 1;
10290, 0.151042 0.586111 1 0.113621 0.60721 1;
10300, 0.15 0.586111 1 0.113621 0.60721 1;
10310, 0.148958 0.587037 1 0.112772 0.60721 1;
10320, 0.147917 0.587037 1 0.112772 0.60721 1;
10330, 0.147396 0.587037 1 0.112772 0.60721 1;
10340, 0.146875 0.587963 1 0.112772 0.60721 1;
10350, 0.146354 0.588889 1 0.112772 0.60721 1;
10360, 0.145313 0.588889 1 0.112772 0.60721 1;
10370, 0.144271 0.589815 1 0.111923 0.60721 1;
10380, 0.14375 0.589815 1 0.111923 0.60721 1;
10390, 0.143229 0.590741 1 0.111923 0.60721 1;
10400, 0.142188 0.590741 1 0.111923 0.60721 1;
10410, 0.141667 0.591667 1 0.111923 0.60721 1;
10420, 0.140625 0.592593 1 0.111923 0.60721 1;
10430, 0.140104 0.593518 1 0.111073 0.60721 1;
10440, 0.139583 0.593518 1 0.111073 0.60721 1;
10450, 0.138542 0.594444 1 0.111073 0.60721 1;
10460, 0.1375 0.59537 1 0.111073 0.60721 1;
10470, 0.136979 0.596296 1 0.111073 0.60721 1;
10480, 0.135937 0.597222 1 0.111073 0.60721 1;
10490, 0.135417 0.598148 1 0.110224 0.60721 1;
10500, 0.134375 0.599074 1 0.110224 0.60721 1;
10510, 0.133854 0.6 1 0.110224 0.60721 1;
10520, 0.133333 0.600926 1 0.110224 0.60721 1;
10530, 0.132812 0.601852 1 0.109375 0.60721 1;
10540, 0.13125 0.602778 1 0.109375 0.60721 1;
10550, 0.13125 0.602778 1 0.109375 0.60721 1;
10560, 0.130729 0.603704 1 0.109375 0.60721 1;
10570, 0.130208 0.60463 1 0.108526 0.608271 1;
10580, 0.128646 0.605556 1 0.108526 0.608271 1;
10590, 0.128646 0.605556 1 0.107677 0.608271 1;
10600, 0.127604 0.607407 1 0.107677 0.608271 1;
10610, 0.127604 0.607407 1 0.106827 0.608271 1;
10620, 0.126042 0.608333 1 0.106827 0.608271 1;
10630, 0.126042 0.608333 1 0.106827 0.608271 1;
10640, 0.124479 0.610185 1 0.106827 0.608271 1;
10650, 0.124479 0.610185 1 0.105978 0.608271 1;
10660, 0.122917 0.612963 1 0.10428 0.609333 1;
10670, 0.121875 0.613889 1 0.103431 0.609333 1;
10680, 0.120833 0.614815 1 0.102582 0.609333 1;
10690, 0.120312 0.615741 1 0.102582 0.610394 1;
10700, 0.119792 0.616667 1 0.101732 0.610394 1;
10710, 0.119792 0.616667 1 0.100883 0.610394 1;
10720, 0.117708 0.618519 1 0.100034 0.611456 1;
10730, 0.116667 0.619444 1 0.098336 0.611456 1;
10740, 0.116146 0.619444 1 0.096637 0.611456 1;
10750, 0.115625 0.62037 1 0.096637 0.611456 1;
10760, 0.115625 0.62037 1 0.094939 0.612517 1;
10770, 0.113542 0.621296 1 0.09409 0.612517 1;
10780, 0.113021 0.621296 1 0.092391 0.613578 1;
10790, 0.111979 0.621296 1 0.092391 0.613578 1;
10800, 0.110937 0.622222 1 0.091542 0.613578 1;
10810, 0.110417 0.622222 1 0.089844 0.613578 1;
10820, 0.109375 0.623148 1 0.088145 0.61464 1;
10830, 0.108854 0.623148 1 0.088145 0.61464 1;
10840, 0.107292 0.625 1 0.087296 0.61464 1;
10850, 0.10625 0.627778 1 0.087296 0.61464 1;
10860, 0.105208 0.630556 1 0.085598 0.615701 1;
10870, 0.104167 0.632407 1 0.084749 0.615701 1;
10880, 0.103125 0.634259 1 0.083899 0.616763 1;
10890, 0.101042 0.636111 1 0.08305 0.616763 1;
10900, 0.100521 0.636111 1 0.082201 0.616763 1;
10910, 0.099479 0.637037 1 0.081352 0.616763 1;
10920, 0.097917 0.637963 1 0.081352 0.616763 1;
10930, 0.096354 0.637963 1 0.080503 0.617824 1;
10940, 0.095312 0.637963 1 0.079654 0.617824 1;
10950, 0.09375 0.638889 1 0.078804 0.617824 1;
10960, 0.09375 0.638889 1 0.077955 0.618886 1;
10970, 0.093229 0.638889 1 0.077106 0.618886 1;
10980, 0.090104 0.638889 1 0.076257 0.618886 1;
10990, 0.089583 0.639815 1 0.076257 0.618886 1;
11000, 0.088542 0.639815 1 0.075408 0.618886 1;
11010, 0.086979 0.639815 1 0.074558 0.619947 1;
11020, 0.085417 0.639815 1 0.073709 0.619947 1;
11030, 0.083333 0.640741 1 0.07286 0.619947 1;
11040, 0.081771 0.640741 1 0.072011 0.619947 1;
11050, 0.08125 0.641667 1 0.071162 0.621009 1;
11060, 0.079167 0.641667 1 0.071162 0.621009 1;
11070, 0.078125 0.642593 1 0.070312 0.621009 1;
11080, 0.076563 0.642593 1 0.069463 0.621009 1;
11090, 0.075 0.643519 1 0.068614 0.62207 1;
11100, 0.073958 0.643519 1 0.068614 0.62207 1;
11110, 0.072917 0.643519 1 0.068614 0.62207 1;
11120, 0.072396 0.644444 1 0.066916 0.623132 1;
11130, 0.071354 0.644444 1 0.066067 0.623132 1;
11140, 0.070312 0.644444 1 0.066067 0.623132 1;
11150, 0.069792 0.64537 1 0.065217 0.623132 1;
11160, 0.06875 0.64537 1 0.064368 0.624193 1;
11170, 0.067708 0.64537 1 0.063519 0.624193 1;
11180, 0.067188 0.646296 1 0.06267 0.625255 1;
11190, 0.066146 0.646296 1 0.06267 0.625255 1;
11200, 0.065625 0.647222 1 0.06267 0.625255 1;
11210, 0.065104 0.647222 1 0.061821 0.626316 1;
11220, 0.065104 0.647222 1 0.060971 0.626316 1;
11230, 0.064062 0.647222 1 0.060971 0.626316 1;
11240, 0.063021 0.647222 1 0.060122 0.627378 1;
11250, 0.0625 0.648148 1 0.059273 0.627378 1;
11260, 0.061458 0.648148 1 0.058424 0.628439 1;
11270, 0.060938 0.648148 1 0.057575 0.628439 1;
11280, 0.060938 0.648148 1 0.057575 0.628439 1;
11290, 0.059896 0.648148 1 0.056726 0.629501 1;
11300, 0.059896 0.648148 1 0.055876 0.629501 1;
11310, 0.058854 0.649074 1 0.055876 0.629501 1;
11320, 0.058854 0.649074 1 0.055876 0.629501 1;
11330, 0.058333 0.649074 1 0.055027 0.630562 1;
11340, 0.058333 0.649074 1 0.055027 0.630562 1;
11350, 0.057813 0.649074 1 0.053329 0.630562 1;
11360, 0.057813 0.649074 1 0.053329 0.630562 1;
11370, 0.056771 0.65 1 0.05248 0.631624 1;
11380, 0.055729 0.65 1 0.05163 0.631624 1;
11390, 0.055729 0.65 1 0.05163 0.631624 1;
11400, 0.055208 0.650926 1 0.050781 0.632685 1;
11410, 0.054167 0.651852 1 0.050781 0.632685 1;
11420, 0.054167 0.651852 1 0.049932 0.632685 1;
11430, 0.053646 0.651852 1 0.049083 0.633747 1;
11440, 0.053125 0.652778 1 0.049083 0.633747 1;
11450, 0.053125 0.652778 1 0.048234 0.634808 1;
11460, 0.052604 0.653704 1 0.048234 0.634808 1;
11470, 0.052604 0.653704 1 0.047385 0.63587 1;
11480, 0.052604 0.653704 1 0.047385 0.63587 1;
11490, 0.052083 0.655556 1 0.047385 0.63587 1;
11500, 0.052083 0.655556 1 0.047385 0.63587 1;
11510, 0.052083 0.656482 1 0.047385 0.63587 1;
11520, 0.052083 0.658333 1 0.047385 0.63587 1;
11530, 0.052083 0.658333 1 0.047385 0.636931 1;
11540, 0.052083 0.659259 1 0.047385 0.636931 1;
11550, 0.051562 0.661111 1 0.047385 0.636931 1;
11560, 0.051562 0.662963 1 0.047385 0.636931 1;
11570, 0.051562 0.663889 1 0.047385 0.636931 1;
11580, 0.051562 0.665741 1 0.047385 0.636931 1;
11590, 0.051562 0.665741 1 0.047385 0.639054 1;
11600, 0.051562 0.666667 1 0.047385 0.639054 1;
11610, 0.051562 0.668519 1 0.047385 0.639054 1;
11620, 0.051562 0.668519 1 0.047385 0.639054 1;
11630, 0.051562 0.669444 1 0.047385 0.639054 1;
11640, 0.051562 0.671296 1 0.047385 0.639054 1;
11650, 0.051562 0.673148 1 0.048234 0.640115 1;
11660, 0.051562 0.673148 1 0.048234 0.640115 1;
11670, 0.051562 0.674074 1 0.048234 0.640115 1;
11680, 0.051562 0.675 1 0.048234 0.642238 1;
11690, 0.051562 0.676852 1 0.049083 0.6433 1;
11700, 0.051562 0.676852 1 0.049083 0.645423 1;
11710, 0.051562 0.678704 1 0.049083 0.646484 1;
11720, 0.051562 0.67963 1 0.049083 0.647546 1;
11730, 0.051562 0.681481 1 0.049083 0.648607 1;
11740, 0.051562 0.682407 1 0.049083 0.65073 1;
11750, 0.051562 0.682407 1 0.049083 0.651792 1;
11760, 0.051562 0.684259 1 0.049932 0.652853 1;
11770, 0.051562 0.685185 1 0.049932 0.653915 1;
11780, 0.051562 0.687037 1 0.049932 0.654976 1;
11790, 0.052083 0.689815 1 0.049932 0.657099 1;
11800, 0.052083 0.689815 1 0.050781 0.658161 1;
11810, 0.052083 0.692593 1 0.050781 0.659222 1;
11820, 0.052604 0.693519 1 0.050781 0.662407 1;
11830, 0.052604 0.696296 1 0.05163 0.66453 1;
11840, 0.052604 0.699074 1 0.05163 0.666653 1;
11850, 0.053125 0.7 1 0.05248 0.668775 1;
11860, 0.053125 0.702778 1 0.053329 0.669837 1;
11870, 0.053646 0.703704 1 0.053329 0.67196 1;
11880, 0.054167 0.707407 1 0.054178 0.675144 1;
11890, 0.054167 0.709259 1 0.054178 0.676206 1;
11900, 0.054688 0.711111 1 0.055027 0.678329 1;
11910, 0.055208 0.713889 1 0.055876 0.681513 1;
11920, 0.055208 0.714815 1 0.055876 0.682575 1;
11930, 0.055729 0.718518 1 0.056726 0.685759 1;
11940, 0.05625 0.721296 1 0.057575 0.688944 1;
11950, 0.056771 0.723148 1 0.057575 0.690005 1;
11960, 0.057292 0.725926 1 0.058424 0.691067 1;
11970, 0.058333 0.728704 1 0.059273 0.694251 1;
11980, 0.058333 0.72963 1 0.060122 0.697435 1;
11990, 0.058854 0.732407 1 0.060971 0.70062 1;
12000, 0.058854 0.734259 1 0.060971 0.702743 1;
12010, 0.059896 0.737037 1 0.061821 0.705927 1;
12020, 0.059896 0.738889 1 0.06267 0.709112 1;
12030, 0.060938 0.740741 1 0.064368 0.712296 1;
12040, 0.061979 0.743519 1 0.064368 0.714419 1;
12050, 0.0625 0.74537 1 0.066067 0.717604 1;
12060, 0.063021 0.748148 1 0.066067 0.719727 1;
12070, 0.064062 0.750926 1 0.066916 0.722911 1;
12080, 0.064583 0.751852 1 0.068614 0.727157 1;
12090, 0.065104 0.75463 1 0.068614 0.728218 1;
12100, 0.065625 0.756481 1 0.070312 0.731403 1;
12110, 0.066146 0.759259 1 0.072011 0.734587 1;
12120, 0.067188 0.761111 1 0.07286 0.735649 1;
12130, 0.068229 0.763889 1 0.073709 0.739895 1;
12140, 0.06875 0.764815 1 0.074558 0.740956 1;
12150, 0.069271 0.768519 1 0.075408 0.744141 1;
12160, 0.070312 0.77037 1 0.077106 0.747325 1;
12170, 0.070833 0.772222 1 0.077955 0.748387 1;
12180, 0.071875 0.774074 1 0.078804 0.751571 1;
12190, 0.072396 0.775926 1 0.080503 0.754755 1;
12200, 0.073958 0.778704 1 0.081352 0.75794 1;
12210, 0.075 0.781482 1 0.082201 0.759001 1;
12220, 0.075521 0.782407 1 0.08305 0.761124 1;
12230, 0.076042 0.783333 1 0.085598 0.764309 1;
12240, 0.077083 0.786111 1 0.085598 0.76537 1;
12250, 0.078125 0.787963 1 0.087296 0.768555 1;
12260, 0.079167 0.789815 1 0.087296 0.769616 1;
12270, 0.079687 0.791667 1 0.088995 0.772801 1;
12280, 0.080729 0.792593 1 0.090693 0.774924 1;
12290, 0.080729 0.792593 1 0.091542 0.777047 1;
12300, 0.082292 0.796296 1 0.092391 0.778108 1;
12310, 0.082813 0.797222 1 0.09324 0.779169 1;
12320, 0.083854 0.799074 1 0.09409 0.781292 1;
12330, 0.084896 0.800926 1 0.094939 0.782354 1;
12340, 0.085417 0.801852 1 0.095788 0.784477 1;
12350, 0.086458 0.803704 1 0.096637 0.784477 1;
12360, 0.086979 0.80463 1 0.098336 0.7866 1;
12370, 0.088021 0.806481 1 0.098336 0.7866 1;
12380, 0.089062 0.807407 1 0.099185 0.788723 1;
12390, 0.089583 0.808333 1 0.100034 0.789784 1;
12400, 0.090625 0.810185 1 0.100883 0.790846 1;
12410, 0.091146 0.811111 1 0.101732 0.791907 1;
12420, 0.092188 0.812963 1 0.102582 0.792969 1;
12430, 0.09375 0.814815 1 0.10428 0.79403 1;
12440, 0.094271 0.815741 1 0.10428 0.79403 1;
12450, 0.094792 0.817593 1 0.105129 0.796153 1;
12460, 0.095833 0.818519 1 0.105978 0.796153 1;
12470, 0.096354 0.819444 1 0.106827 0.797215 1;
12480, 0.097396 0.82037 1 0.107677 0.798276 1;
12490, 0.097917 0.821296 1 0.108526 0.798276 1;
12500, 0.099479 0.823148 1 0.109375 0.799338 1;
12510, 0.100521 0.824074 1 0.110224 0.799338 1;
12520, 0.101042 0.825 1 0.111073 0.800399 1;
12530, 0.102083 0.825926 1 0.111923 0.800399 1;
12540, 0.102604 0.826852 1 0.112772 0.801461 1;
12550, 0.103646 0.826852 1 0.112772 0.801461 1;
12560, 0.104167 0.827778 1 0.11447 0.802522 1;
12570, 0.105208 0.828704 1 0.11447 0.802522 1;
12580, 0.105208 0.828704 1 0.115319 0.803584 1;
12590, 0.10625 0.82963 1 0.116168 0.803584 1;
12600, 0.106771 0.830556 1 0.117018 0.804645 1;
12610, 0.108333 0.832407 1 0.117867 0.804645 1;
12620, 0.108333 0.832407 1 0.118716 0.805707 1;
12630, 0.108854 0.832407 1 0.119565 0.805707 1;
12640, 0.109375 0.833333 1 0.120414 0.805707 1;
12650, 0.110937 0.834259 1 0.121264 0.806768 1;
12660, 0.111979 0.835185 1 0.122113 0.806768 1;
12670, 0.113021 0.836111 1 0.122962 0.806768 1;
12680, 0.113542 0.836111 1 0.122962 0.806768 1;
12690, 0.114583 0.837037 1 0.123811 0.807829 1;
12700, 0.115104 0.837037 1 0.12466 0.807829 1;
12710, 0.116146 0.837963 1 0.126359 0.807829 1;
12720, 0.117188 0.838889 1 0.127208 0.808891 1;
12730, 0.118229 0.838889 1 0.128057 0.808891 1;
12740, 0.119271 0.839815 1 0.128057 0.808891 1;
12750, 0.120312 0.840741 1 0.128906 0.808891 1;
12760, 0.120833 0.840741 1 0.129755 0.808891 1;
12770, 0.121875 0.841667 1 0.130605 0.808891 1;
12780, 0.122917 0.841667 1 0.131454 0.808891 1;
12790, 0.124479 0.843518 1 0.131454 0.808891 1;
12800, 0.125521 0.843518 1 0.133152 0.809952 1;
12810, 0.126563 0.844444 1 0.134001 0.809952 1;
12820, 0.127604 0.84537 1 0.134001 0.809952 1;
12830, 0.128125 0.84537 1 0.134851 0.809952 1;
12840, 0.129167 0.846296 1 0.1357 0.809952 1;
12850, 0.13125 0.846296 1 0.136549 0.809952 1;
12860, 0.132292 0.847222 1 0.137398 0.809952 1;
12870, 0.132812 0.847222 1 0.138247 0.809952 1;
12880, 0.133854 0.848148 1 0.138247 0.809952 1;
12890, 0.134896 0.848148 1 0.139096 0.809952 1;
12900, 0.136458 0.848148 1 0.139946 0.809952 1;
12910, 0.136979 0.849074 1 0.140795 0.809952 1;
12920, 0.138021 0.849074 1 0.140795 0.809952 1;
12930, 0.140104 0.849074 1 0.142493 0.809952 1;
12940, 0.141146 0.85 1 0.142493 0.809952 1;
12950, 0.142188 0.85 1 0.143342 0.809952 1;
12960, 0.14375 0.85 1 0.144192 0.809952 1;
12970, 0.144792 0.85 1 0.144192 0.809952 1;
12980, 0.145833 0.85 1 0.14589 0.808891 1;
12990, 0.147396 0.85 1 0.146739 0.808891 1;
13000, 0.148438 0.85 1 0.147588 0.808891 1;
13010, 0.15 0.85 1 0.148438 0.807829 1;
13020, 0.151042 0.850926 1 0.150136 0.807829 1;
13030, 0.152604 0.850926 1 0.150985 0.807829 1;
13040, 0.154167 0.85 1 0.152683 0.806768 1;
13050, 0.155208 0.85 1 0.153533 0.806768 1;
13060, 0.15625 0.85 1 0.154382 0.805707 1;
13070, 0.157292 0.85 1 0.155231 0.805707 1;
13080, 0.158333 0.85 1 0.15608 0.804645 1;
13090, 0.159896 0.849074 1 0.156929 0.803584 1;
13100, 0.160938 0.849074 1 0.157779 0.802522 1;
13110, 0.1625 0.848148 1 0.158628 0.802522 1;
13120, 0.164062 0.848148 1 0.159477 0.801461 1;
13130, 0.164583 0.848148 1 0.160326 0.800399 1;
13140, 0.166667 0.847222 1 0.160326 0.799338 1;
13150, 0.167708 0.846296 1 0.162024 0.797215 1;
13160, 0.16875 0.84537 1 0.162024 0.797215 1;
13170, 0.170312 0.844444 1 0.162024 0.796153 1;
13180, 0.170833 0.843518 1 0.162874 0.795092 1;
13190, 0.172917 0.841667 1 0.162874 0.795092 1;
13200, 0.175 0.839815 1 0.162874 0.79403 1;
13210, 0.175521 0.838889 1 0.163723 0.792969 1;
13220, 0.178125 0.836111 1 0.164572 0.790846 1;
13230, 0.178646 0.834259 1 0.164572 0.789784 1;
13240, 0.180729 0.831481 1 0.165421 0.788723 1;
13250, 0.181771 0.830556 1 0.16627 0.7866 1;
13260, 0.183333 0.827778 1 0.16627 0.784477 1;
13270, 0.185937 0.823148 1 0.16627 0.783415 1;
13280, 0.186979 0.821296 1 0.16712 0.780231 1;
13290, 0.188542 0.818519 1 0.167969 0.778108 1;
13300, 0.189583 0.816667 1 0.167969 0.777047 1;
13310, 0.191146 0.812963 1 0.168818 0.773862 1;
13320, 0.192708 0.809259 1 0.168818 0.770678 1;
13330, 0.19375 0.806481 1 0.168818 0.768555 1;
13340, 0.195312 0.801852 1 0.169667 0.76537 1;
13350, 0.196875 0.797222 1 0.169667 0.764309 1;
13360, 0.197917 0.794444 1 0.169667 0.761124 1;
13370, 0.199479 0.789815 1 0.169667 0.759001 1;
13380, 0.2 0.787037 1 0.169667 0.75794 1;
13390, 0.201562 0.780556 1 0.169667 0.754755 1;
13400, 0.202083 0.777778 1 0.169667 0.753694 1;
13410, 0.203646 0.771296 1 0.169667 0.75051 1;
13420, 0.205208 0.763889 1 0.169667 0.747325 1;
13430, 0.205729 0.761111 1 0.169667 0.744141 1;
13440, 0.20625 0.753704 1 0.169667 0.742018 1;
13450, 0.206771 0.750926 1 0.169667 0.740956 1;
13460, 0.207292 0.743519 1 0.169667 0.735649 1;
13470, 0.207813 0.740741 1 0.169667 0.735649 1;
13480, 0.207813 0.733333 1 0.168818 0.731403 1;
13490, 0.208333 0.72963 1 0.168818 0.72928 1;
13500, 0.207813 0.722222 1 0.168818 0.726095 1;
13510, 0.207813 0.715741 1 0.167969 0.725034 1;
13520, 0.207813 0.712037 1 0.167969 0.720788 1;
13530, 0.207292 0.709259 1 0.16712 0.717604 1;
13540, 0.206771 0.702778 1 0.16712 0.716542 1;
13550, 0.20625 0.696296 1 0.16627 0.713358 1;
13560, 0.205729 0.693519 1 0.165421 0.711235 1;
13570, 0.204688 0.687037 1 0.164572 0.70805 1;
13580, 0.204167 0.684259 1 0.163723 0.706989 1;
13590, 0.203125 0.677778 1 0.162874 0.704866 1;
13600, 0.202604 0.675 1 0.162874 0.703804 1;
13610, 0.201562 0.669444 1 0.162024 0.701681 1;
13620, 0.200521 0.666667 1 0.162024 0.70062 1;
13630, 0.198958 0.660185 1 0.161175 0.699558 1;
13640, 0.197396 0.65463 1 0.160326 0.696374 1;
13650, 0.196875 0.651852 1 0.160326 0.696374 1;
13660, 0.195312 0.647222 1 0.158628 0.694251 1;
13670, 0.194792 0.64537 1 0.157779 0.692128 1;
13680, 0.193229 0.642593 1 0.156929 0.691067 1;
13690, 0.192708 0.640741 1 0.156929 0.690005 1;
13700, 0.190625 0.631481 1 0.15608 0.687882 1;
13710, 0.190104 0.62963 1 0.155231 0.686821 1;
13720, 0.189063 0.625926 1 0.155231 0.685759 1;
13730, 0.188021 0.624074 1 0.154382 0.684698 1;
13740, 0.186458 0.621296 1 0.153533 0.682575 1;
13750, 0.185417 0.618519 1 0.151834 0.680452 1;
13760, 0.184896 0.616667 1 0.151834 0.67939 1;
13770, 0.183333 0.612963 1 0.150136 0.676206 1;
13780, 0.182812 0.612037 1 0.149287 0.675144 1;
13790, 0.182292 0.609259 1 0.149287 0.674083 1;
13800, 0.181771 0.608333 1 0.148438 0.67196 1;
13810, 0.180208 0.605556 1 0.147588 0.669837 1;
13820, 0.179167 0.602778 1 0.146739 0.668775 1;
13830, 0.178646 0.601852 1 0.14589 0.666653 1;
13840, 0.178125 0.599074 1 0.145041 0.665591 1;
13850, 0.178125 0.599074 1 0.144192 0.663468 1;
13860, 0.176563 0.596296 1 0.143342 0.661345 1;
13870, 0.176563 0.596296 1 0.142493 0.658161 1;
13880, 0.175521 0.593518 1 0.142493 0.657099 1;
13890, 0.175 0.592593 1 0.141644 0.654976 1;
13900, 0.175 0.592593 1 0.140795 0.653915 1;
13910, 0.174479 0.591667 1 0.140795 0.65073 1;
13920, 0.173958 0.590741 1 0.139946 0.648607 1;
13930, 0.173958 0.590741 1 0.139096 0.645423 1;
13940, 0.173438 0.589815 1 0.138247 0.642238 1;
13950, 0.172396 0.588889 1 0.138247 0.639054 1;
13960, 0.171875 0.587963 1 0.137398 0.636931 1;
13970, 0.171875 0.587963 1 0.137398 0.632685 1;
13980, 0.171354 0.587037 1 0.136549 0.628439 1;
13990, 0.171354 0.587037 1 0.136549 0.626316 1;
14000, 0.170312 0.587037 1 0.136549 0.62207 1;
14010, 0.170312 0.587037 1 0.136549 0.619947 1;
14020, 0.169792 0.586111 1 0.1357 0.615701 1;
14030, 0.169792 0.586111 1 0.1357 0.612517 1;
14040, 0.169271 0.585185 1 0.1357 0.609333 1;
14050, 0.169271 0.585185 1 0.134851 0.608271 1;
14060, 0.16875 0.584259 1 0.134851 0.605087 1;
14070, 0.16875 0.584259 1 0.134851 0.604025 1;
14080, 0.167708 0.583333 1 0.134851 0.601902 1;
14090, 0.167187 0.582407 1 0.134851 0.600841 1;
14100, 0.167187 0.582407 1 0.134851 0.599779 1;
14110, 0.166667 0.581481 1 0.134851 0.599779 1;
14120, 0.165625 0.580556 1 0.134001 0.597656 1;
14130, 0.165104 0.57963 1 0.134001 0.596595 1;
14140, 0.165104 0.57963 1 0.134001 0.595533 1;
14150, 0.164583 0.578704 1 0.134001 0.595533 1;
14160, 0.164062 0.577778 1 0.133152 0.594472 1;
14170, 0.163542 0.576852 1 0.133152 0.59341 1;
14180, 0.1625 0.575926 1 0.133152 0.59341 1;
14190, 0.161979 0.575 1 0.133152 0.591287 1;
14200, 0.160417 0.573148 1 0.133152 0.590226 1;
14210, 0.160417 0.573148 1 0.132303 0.589164 1;
14220, 0.159375 0.571296 1 0.132303 0.587041 1;
14230, 0.159375 0.571296 1 0.132303 0.587041 1;
14240, 0.158854 0.57037 1 0.132303 0.584918 1;
14250, 0.158333 0.568519 1 0.131454 0.583857 1;
14260, 0.157813 0.567593 1 0.131454 0.581734 1;
14270, 0.156771 0.566667 1 0.131454 0.580673 1;
14280, 0.156771 0.566667 1 0.131454 0.579611 1;
14290, 0.15625 0.566667 1 0.130605 0.576427 1;
14300, 0.155729 0.565741 1 0.130605 0.576427 1;
14310, 0.155208 0.563889 1 0.129755 0.573242 1;
14320, 0.155208 0.563889 1 0.129755 0.572181 1;
14330, 0.154687 0.562963 1 0.129755 0.571119 1;
14340, 0.154167 0.562037 1 0.129755 0.568996 1;
14350, 0.153646 0.561111 1 0.128906 0.567935 1;
14360, 0.153646 0.561111 1 0.128906 0.566873 1;
14370, 0.152604 0.560185 1 0.128906 0.56475 1;
14380, 0.152083 0.559259 1 0.128906 0.563689 1;
14390, 0.152083 0.559259 1 0.128057 0.562627 1;
14400, 0.151562 0.558333 1 0.128057 0.559443 1;
14410, 0.151562 0.557407 1 0.128057 0.559443 1;
14420, 0.150521 0.555556 1 0.127208 0.55732 1;
14430, 0.15 0.55463 1 0.127208 0.556258 1;
14440, 0.149479 0.55463 1 0.127208 0.554136 1;
14450, 0.148958 0.553704 1 0.126359 0.553074 1;
14460, 0.147917 0.552778 1 0.126359 0.552013 1;
14470, 0.147917 0.551852 1 0.126359 0.550951 1;
14480, 0.147396 0.550926 1 0.126359 0.548828 1;
14490, 0.147396 0.550926 1 0.12551 0.547767 1;
14500, 0.146354 0.55 1 0.12551 0.545644 1;
14510, 0.145833 0.549074 1 0.12551 0.544582 1;
14520, 0.145313 0.547222 1 0.12466 0.543521 1;
14530, 0.144271 0.546296 1 0.12466 0.540336 1;
14540, 0.14375 0.546296 1 0.12466 0.540336 1;
14550, 0.143229 0.54537 1 0.12466 0.539275 1;
14560, 0.142708 0.544444 1 0.123811 0.538213 1;
14570, 0.142188 0.543519 1 0.123811 0.537152 1;
14580, 0.141146 0.542593 1 0.123811 0.535029 1;
14590, 0.140625 0.541667 1 0.123811 0.533967 1;
14600, 0.140104 0.540741 1 0.123811 0.531844 1;
14610, 0.139583 0.539815 1 0.123811 0.530783 1;
14620, 0.139062 0.538889 1 0.122962 0.52866 1;
14630, 0.138542 0.537037 1 0.122962 0.526537 1;
14640, 0.1375 0.537037 1 0.122113 0.524414 1;
14650, 0.136979 0.536111 1 0.122113 0.522291 1;
14660, 0.135937 0.535185 1 0.121264 0.520168 1;
14670, 0.135417 0.534259 1 0.120414 0.519107 1;
14680, 0.134896 0.532407 1 0.120414 0.516984 1;
14690, 0.134375 0.531482 1 0.120414 0.515922 1;
14700, 0.133333 0.52963 1 0.119565 0.514861 1;
14710, 0.133333 0.52963 1 0.118716 0.510615 1;
14720, 0.132292 0.528704 1 0.118716 0.510615 1;
14730, 0.132292 0.527778 1 0.117867 0.508492 1;
14740, 0.130729 0.526852 1 0.117867 0.50743 1;
14750, 0.130729 0.526852 1 0.117867 0.505307 1;
14760, 0.129167 0.525 1 0.117018 0.504246 1;
14770, 0.129167 0.525 1 0.117018 0.503184 1;
14780, 0.128646 0.524074 1 0.116168 0.502123 1;
14790, 0.128125 0.523148 1 0.116168 0.5 1;
14800, 0.128125 0.522222 1 0.115319 0.498939 1;
14810, 0.127083 0.521296 1 0.115319 0.497877 1;
14820, 0.126563 0.52037 1 0.115319 0.496816 1;
14830, 0.126042 0.519444 1 0.11447 0.495754 1;
14840, 0.125 0.518519 1 0.113621 0.494693 1;
14850, 0.124479 0.517593 1 0.113621 0.493631 1;
14860, 0.123958 0.516667 1 0.113621 0.493631 1;
14870, 0.123438 0.516667 1 0.112772 0.49257 1;
14880, 0.122917 0.515741 1 0.112772 0.491508 1;
14890, 0.122917 0.515741 1 0.111923 0.490447 1;
14900, 0.121875 0.514815 1 0.111923 0.490447 1;
14910, 0.121354 0.513889 1 0.111923 0.489385 1;
14920, 0.120833 0.512963 1 0.111923 0.489385 1;
14930, 0.120833 0.512963 1 0.111073 0.487262 1;
14940, 0.120312 0.512037 1 0.111073 0.487262 1;
14950, 0.119271 0.510185 1 0.111073 0.486201 1;
14960, 0.11875 0.509259 1 0.111073 0.486201 1;
14970, 0.11875 0.509259 1 0.110224 0.485139 1;
14980, 0.117708 0.508333 1 0.110224 0.485139 1;
14990, 0.117188 0.507407 1 0.109375 0.484078 1;
15000, 0.116667 0.507407 1 0.109375 0.484078 1;
15010, 0.116667 0.507407 1 0.109375 0.484078 1;
15020, 0.115625 0.505556 1 0.108526 0.483016 1;
15030, 0.115104 0.505556 1 0.108526 0.483016 1;
15040, 0.114583 0.50463 1 0.107677 0.481955 1;
15050, 0.114583 0.50463 1 0.107677 0.481955 1;
15060, 0.113542 0.503704 1 0.106827 0.480893 1;
15070, 0.113021 0.502778 1 0.106827 0.480893 1;
15080, 0.1125 0.501852 1 0.106827 0.479832 1;
15090, 0.111458 0.500926 1 0.106827 0.479832 1;
15100, 0.110937 0.5 1 0.105978 0.47877 1;
15110, 0.110937 0.5 1 0.105978 0.47877 1;
15120, 0.110417 0.499074 1 0.105978 0.477709 1;
15130, 0.109896 0.498148 1 0.105978 0.477709 1;
15140, 0.109896 0.498148 1 0.105978 0.477709 1;
15150, 0.108854 0.497222 1 0.105129 0.476647 1;
15160, 0.108854 0.496296 1 0.105129 0.476647 1;
15170, 0.108854 0.496296 1 0.10428 0.476647 1;
15180, 0.107813 0.49537 1 0.10428 0.476647 1;
15190, 0.107292 0.494444 1 0.10428 0.476647 1;
15200, 0.107292 0.494444 1 0.10428 0.476647 1;
15210, 0.106771 0.493519 1 0.103431 0.475586 1;
15220, 0.106771 0.493519 1 0.103431 0.475586 1;
15230, 0.105729 0.492593 1 0.103431 0.475586 1;
15240, 0.105729 0.492593 1 0.103431 0.475586 1;
15250, 0.105208 0.491667 1 0.103431 0.475586 1;
15260, 0.104687 0.490741 1 0.103431 0.475586 1;
15270, 0.104167 0.489815 1 0.103431 0.475586 1;
15280, 0.104167 0.489815 1 0.103431 0.475586 1;
15290, 0.103646 0.487963 1 0.102582 0.474524 1;
15300, 0.103646 0.487963 1 0.102582 0.474524 1;
15310, 0.103125 0.487037 1 0.102582 0.474524 1;
15320, 0.103125 0.487037 1 0.102582 0.474524 1;
15330, 0.102604 0.486111 1 0.102582 0.474524 1;
15340, 0.102083 0.485185 1 0.102582 0.474524 1;
15350, 0.102083 0.485185 1 0.102582 0.474524 1;
15360, 0.101562 0.484259 1 0.102582 0.474524 1;
15370, 0.101562 0.484259 1 0.102582 0.474524 1;
15380, 0.101042 0.483333 1 0.102582 0.474524 1;
15390, 0.101042 0.483333 1 0.102582 0.474524 1;
15400, 0.100521 0.482407 1 0.102582 0.474524 1;
15410, 0.099479 0.481481 1 0.102582 0.474524 1;
15420, 0.099479 0.481481 1 0.102582 0.474524 1;
15430, 0.098958 0.480556 1 0.102582 0.474524 1;
15440, 0.098438 0.478704 1 0.102582 0.474524 1;
15450, 0.098438 0.478704 1 0.102582 0.474524 1;
15460, 0.097917 0.477778 1 0.102582 0.474524 1;
15470, 0.097917 0.476852 1 0.102582 0.474524 1;
15480, 0.097917 0.476852 1 0.102582 0.474524 1;
15490, 0.097396 0.475926 1 0.102582 0.474524 1;
15500, 0.097396 0.474074 1 0.102582 0.474524 1;
15510, 0.097396 0.474074 1 0.102582 0.474524 1;
15520, 0.096875 0.473148 1 0.102582 0.474524 1;
15530, 0.096875 0.473148 1 0.102582 0.474524 1;
15540, 0.096875 0.473148 1 0.102582 0.474524 1;
15550, 0.096875 0.472222 1 0.102582 0.474524 1;
15560, 0.096875 0.472222 1 0.102582 0.474524 1;
15570, 0.096354 0.47037 1 0.102582 0.474524 1;
15580, 0.096354 0.47037 1 0.102582 0.474524 1;
15590, 0.096354 0.47037 1 0.102582 0.474524 1;
15600, 0.096875 0.469444 1 0.102582 0.474524 1;
15610, 0.096875 0.469444 1 0.102582 0.474524 1;
15620, 0.096875 0.469444 1 0.102582 0.474524 1;
15630, 0.096875 0.469444 1 0.102582 0.474524 1;
15640, 0.096875 0.467593 1 0.102582 0.474524 1;
15650, 0.096875 0.467593 1 0.102582 0.474524 1;
15660, 0.096875 0.467593 1 0.102582 0.474524 1;
15670, 0.096875 0.467593 1 0.102582 0.474524 1;
15680, 0.096875 0.467593 1 0.102582 0.474524 1;
15690, 0.096875 0.467593 1 0.102582 0.474524 1;
15700, 0.096875 0.467593 1 0.102582 0.474524 1;
15710, 0.096875 0.467593 1 0.102582 0.474524 1;
15720, 0.096875 0.466667 1 0.102582 0.474524 1;
15730, 0.096875 0.466667 1 0.102582 0.474524 1;
15740, 0.096875 0.466667 1 0.102582 0.474524 1;
15750, 0.096875 0.466667 1 0.102582 0.474524 1;
15760, 0.096875 0.466667 1 0.102582 0.474524 1;
15770, 0.096875 0.466667 1 0.102582 0.474524 1;
15780, 0.096875 0.466667 1 0.102582 0.474524 1;
15790, 0.096875 0.466667 1 0.102582 0.474524 1;
15800, 0.096875 0.466667 1 0.102582 0.474524 1;
15810, 0.096875 0.466667 1 0.102582 0.474524 1;
15820, 0.096875 0.466667 1 0.102582 0.474524 1;
15830, 0.096875 0.466667 1 0.103431 0.474524 1;
15840, 0.097396 0.466667 1 0.103431 0.474524 1;
15850, 0.097396 0.466667 1 0.103431 0.474524 1;
15860, 0.097396 0.466667 1 0.103431 0.474524 1;
15870, 0.097396 0.466667 1 0.103431 0.474524 1;
15880, 0.098438 0.467593 1 0.103431 0.474524 1;
15890, 0.098438 0.467593 1 0.103431 0.474524 1;
15900, 0.098438 0.467593 1 0.103431 0.474524 1;
15910, 0.098958 0.467593 1 0.103431 0.474524 1;
15920, 0.098958 0.467593 1 0.103431 0.474524 1;
15930, 0.098958 0.467593 1 0.103431 0.474524 1;
15940, 0.099479 0.468519 1 0.103431 0.474524 1;
15950, 0.099479 0.468519 1 0.103431 0.474524 1;
15960, 0.100521 0.468519 1 0.103431 0.474524 1;
15970, 0.100521 0.468519 1 0.103431 0.474524 1;
15980, 0.100521 0.468519 1 0.103431 0.474524 1;
15990, 0.100521 0.468519 1 0.103431 0.474524 1;
16000, 0.101042 0.469444 1 0.103431 0.474524 1;
16010, 0.101042 0.469444 1 0.103431 0.474524 1;
16020, 0.101042 0.469444 1 0.103431 0.474524 1;
16030, 0.101562 0.47037 1 0.103431 0.474524 1;
16040, 0.101562 0.47037 1 0.103431 0.474524 1;
16050, 0.101562 0.47037 1 0.103431 0.474524 1;
16060, 0.101562 0.472222 1 0.103431 0.474524 1;
16070, 0.101562 0.472222 1 0.103431 0.474524 1;
16080, 0.102083 0.473148 1 0.103431 0.474524 1;
16090, 0.102604 0.474074 1 0.103431 0.474524 1;
16100, 0.102604 0.474074 1 0.103431 0.474524 1;
16110, 0.103125 0.475 1 0.103431 0.474524 1;
16120, 0.103125 0.475 1 0.103431 0.474524 1;
16130, 0.103125 0.476852 1 0.103431 0.474524 1;
16140, 0.103646 0.477778 1 0.103431 0.474524 1;
16150, 0.104167 0.478704 1 0.103431 0.474524 1;
16160, 0.104167 0.480556 1 0.10428 0.474524 1;
16170, 0.104687 0.482407 1 0.10428 0.474524 1;
16180, 0.105208 0.483333 1 0.10428 0.474524 1;
16190, 0.105729 0.486111 1 0.10428 0.474524 1;
16200, 0.10625 0.488889 1 0.10428 0.474524 1;
16210, 0.10625 0.489815 1 0.10428 0.474524 1;
16220, 0.106771 0.492593 1 0.10428 0.474524 1;
16230, 0.107292 0.494444 1 0.10428 0.474524 1;
16240, 0.107813 0.497222 1 0.10428 0.474524 1;
16250, 0.107813 0.499074 1 0.10428 0.474524 1;
16260, 0.108333 0.502778 1 0.10428 0.474524 1;
16270, 0.108333 0.50463 1 0.10428 0.474524 1;
16280, 0.108854 0.508333 1 0.10428 0.474524 1;
16290, 0.108854 0.509259 1 0.10428 0.474524 1;
16300, 0.109375 0.512963 1 0.10428 0.474524 1;
16310, 0.109896 0.516667 1 0.10428 0.474524 1;
16320, 0.110417 0.517593 1 0.10428 0.474524 1;
16330, 0.110937 0.521296 1 0.10428 0.474524 1;
16340, 0.111458 0.523148 1 0.10428 0.474524 1;
16350, 0.111979 0.524074 1 0.10428 0.474524 1;
16360, 0.1125 0.527778 1 0.10428 0.474524 1;
16370, 0.113021 0.531482 1 0.10428 0.474524 1;
16380, 0.113542 0.532407 1 0.10428 0.474524 1;
16390, 0.114063 0.536111 1 0.10428 0.474524 1;
16400, 0.114583 0.537037 1 0.10428 0.474524 1;
16410, 0.115104 0.540741 1 0.10428 0.474524 1;
16420, 0.115104 0.541667 1 0.10428 0.475586 1;
16430, 0.115625 0.544444 1 0.10428 0.475586 1;
16440, 0.116146 0.547222 1 0.10428 0.475586 1;
16450, 0.116146 0.548148 1 0.10428 0.475586 1;
16460, 0.116667 0.550926 1 0.105129 0.476647 1;
16470, 0.116667 0.551852 1 0.105129 0.476647 1;
16480, 0.116667 0.553704 1 0.105978 0.477709 1;
16490, 0.117188 0.555556 1 0.105978 0.47877 1;
16500, 0.117708 0.557407 1 0.105978 0.47877 1;
16510, 0.117708 0.559259 1 0.106827 0.479832 1;
16520, 0.118229 0.561111 1 0.106827 0.483016 1;
16530, 0.11875 0.563889 1 0.107677 0.484078 1;
16540, 0.11875 0.563889 1 0.108526 0.486201 1;
16550, 0.11875 0.565741 1 0.109375 0.488324 1;
16560, 0.119271 0.568519 1 0.110224 0.490447 1;
16570, 0.119792 0.571296 1 0.111073 0.493631 1;
16580, 0.119792 0.574074 1 0.111073 0.495754 1;
16590, 0.119792 0.575 1 0.111923 0.498939 1;
16600, 0.120312 0.577778 1 0.112772 0.504246 1;
16610, 0.120312 0.57963 1 0.11447 0.509553 1;
16620, 0.120833 0.581481 1 0.11447 0.512738 1;
16630, 0.120833 0.583333 1 0.115319 0.518045 1;
16640, 0.120833 0.586111 1 0.116168 0.520168 1;
16650, 0.121354 0.587037 1 0.117018 0.525476 1;
16660, 0.121354 0.589815 1 0.117867 0.52866 1;
16670, 0.121875 0.592593 1 0.118716 0.530783 1;
16680, 0.121875 0.593518 1 0.119565 0.533967 1;
16690, 0.122396 0.596296 1 0.120414 0.538213 1;
16700, 0.122396 0.597222 1 0.121264 0.540336 1;
16710, 0.122917 0.6 1 0.122962 0.544582 1;
16720, 0.122917 0.602778 1 0.123811 0.548828 1;
16730, 0.123438 0.60463 1 0.123811 0.54989 1;
16740, 0.123958 0.607407 1 0.12466 0.554136 1;
16750, 0.123958 0.609259 1 0.12466 0.556258 1;
16760, 0.124479 0.612037 1 0.126359 0.559443 1;
16770, 0.124479 0.613889 1 0.127208 0.562627 1;
16780, 0.125 0.616667 1 0.128057 0.566873 1;
16790, 0.125521 0.618519 1 0.128057 0.568996 1;
16800, 0.125521 0.625 1 0.128906 0.571119 1;
16810, 0.126042 0.630556 1 0.129755 0.576427 1;
16820, 0.126042 0.633333 1 0.129755 0.579611 1;
16830, 0.126563 0.638889 1 0.130605 0.584918 1;
16840, 0.126563 0.641667 1 0.130605 0.588103 1;
16850, 0.127083 0.644444 1 0.131454 0.592349 1;
16860, 0.127083 0.65 1 0.132303 0.598718 1;
16870, 0.127083 0.656482 1 0.132303 0.602964 1;
16880, 0.127604 0.659259 1 0.133152 0.611456 1;
16890, 0.127604 0.665741 1 0.133152 0.621009 1;
16900, 0.127083 0.669444 1 0.134001 0.626316 1;
16910, 0.127083 0.675 1 0.134001 0.637993 1;
16920, 0.126563 0.681481 1 0.134001 0.644361 1;
16930, 0.126563 0.685185 1 0.134001 0.656038 1;
16940, 0.125521 0.691667 1 0.133152 0.670898 1;
16950, 0.125 0.69537 1 0.132303 0.67939 1;
16960, 0.123438 0.702778 1 0.131454 0.696374 1;
16970, 0.122396 0.706481 1 0.128057 0.722911 1;
16980, 0.120833 0.713889 1 0.128057 0.722911 1;
16990, 0.118229 0.721296 1 0.126359 0.739895 1;
17000, 0.117188 0.725 1 0.123811 0.756878 1;
17010, 0.115625 0.728704 1 0.122113 0.76537 1;
17020, 0.1125 0.736111 1 0.118716 0.781292 1;
17030, 0.108854 0.743519 1 0.117867 0.787661 1;
17040, 0.106771 0.746296 1 0.112772 0.806768 1;
17050, 0.104687 0.749074 1 0.110224 0.816321 1;
17060, 0.100521 0.75463 1 0.108526 0.820567 1;
17070, 0.096875 0.758333 1 0.106827 0.827998 1;
17080, 0.094792 0.760185 1 0.105978 0.831182 1;
17090, 0.091146 0.762037 1 0.103431 0.836489 1;
17100, 0.089062 0.762963 1 0.102582 0.839674 1;
17110, 0.085417 0.763889 1 0.101732 0.840735 1;
17120, 0.083333 0.763889 1 0.100034 0.844981 1;
17130, 0.079167 0.761111 1 0.098336 0.847104 1;
17140, 0.075521 0.758333 1 0.096637 0.847104 1;
17150, 0.073958 0.755556 1 0.095788 0.848166 1;
17160, 0.070833 0.75 1 0.09409 0.847104 1;
17170, 0.069271 0.746296 1 0.09324 0.847104 1;
17180, 0.067708 0.737963 1 0.091542 0.844981 1;
17190, 0.066667 0.733333 1 0.089844 0.842858 1;
17200, 0.065625 0.723148 1 0.088995 0.840735 1;
17210, 0.065104 0.711111 1 0.087296 0.837551 1;
17220, 0.065104 0.705556 1 0.085598 0.833305 1;
17230, 0.065104 0.691667 1 0.084749 0.831182 1;
17240, 0.065104 0.685185 1 0.08305 0.824813 1;
17250, 0.066146 0.669444 1 0.082201 0.817383 1;
17260, 0.066667 0.662037 1 0.081352 0.812075 1;
17270, 0.06875 0.643519 1 0.079654 0.801461 1;
17280, 0.072396 0.625926 1 0.078804 0.7866 1;
17290, 0.074479 0.615741 1 0.077955 0.779169 1;
17300, 0.079167 0.594444 1 0.077106 0.762186 1;
17310, 0.081771 0.584259 1 0.075408 0.743079 1;
17320, 0.086458 0.563889 1 0.073709 0.722911 1;
17330, 0.091146 0.544444 1 0.07286 0.712296 1;
17340, 0.093229 0.535185 1 0.069463 0.692128 1;
17350, 0.094271 0.526852 1 0.065217 0.67196 1;
17360, 0.097396 0.512037 1 0.061821 0.656038 1;
17370, 0.099479 0.497222 1 0.061821 0.656038 1;
17380, 0.102083 0.481481 1 0.061821 0.656038 1;
17390, 0.103125 0.473148 1 0.061821 0.656038 1;
17400, 0.10625 0.455556 1 0. 0. 0;
17410, 0.107813 0.447222 1 0. 0. 0;
17420, 0.111458 0.426852 1 0. 0. 0;
17430, 0.114583 0.403704 1 0. 0. 0;
17440, 0.116667 0.391667 1 0. 0. 0;
17450, 0.119271 0.364815 1 0. 0. 0;
17460, 0.120312 0.350926 1 0. 0. 0;
17470, 0.120312 0.350926 1 0. 0. 0;
17480, 0.120312 0.350926 1 0. 0. 0;
17490, 0. 0. 0 0. 0. 0;
17500, 0. 0. 0 0. 0. 0;
17510, 0. 0. 0 0. 0. 0;
17520, 0. 0. 0 0. 0. 0;
17530, 0. 0. 0 0. 0. 0;
17540, 0. 0. 0 0. 0. 0;
17550, 0. 0. 0 0. 0. 0;
17560, 0. 0. 0 0. 0. 0;
17570, 0. 0. 0 0. 0. 0;
17580, 0. 0. 0 0. 0. 0;
17590, 0. 0. 0 0. 0. 0;
17600, 0. 0. 0 0. 0. 0;
17610, 0. 0. 0 0. 0. 0;
17620, 0. 0. 0 0. 0. 0;
17630, 0. 0. 0 0. 0. 0;
17640, 0. 0. 0 0. 0. 0;
17650, 0. 0. 0 0. 0. 0;
17660, 0. 0. 0 0. 0. 0;
17670, 0. 0. 0 0. 0. 0;
17680, 0. 0. 0 0. 0. 0;
17690, 0. 0. 0 0. 0. 0;
17700, 0. 0. 0 0. 0. 0;
17710, 0. 0. 0 0. 0. 0;
17720, 0. 0. 0 0. 0. 0;
17730, 0. 0. 0 0. 0. 0;
17740, 0. 0. 0 0. 0. 0;
17750, 0. 0. 0 0. 0. 0;
17760, 0. 0. 0 0. 0. 0;
17770, 0. 0. 0 0. 0. 0;
17780, 0. 0. 0 0. 0. 0;
17790, 0. 0. 0 0. 0. 0;
17800, 0. 0. 0 0. 0. 0;
17810, 0. 0. 0 0. 0. 0;
17820, 0. 0. 0 0. 0. 0;
17830, 0. 0. 0 0. 0. 0;
17840, 0. 0. 0 0. 0. 0;
17850, 0. 0. 0 0. 0. 0;
17860, 0. 0. 0 0. 0. 0;
17870, 0. 0. 0 0. 0. 0;
17880, 0. 0. 0 0. 0. 0;
17890, 0. 0. 0 0. 0. 0;
17900, 0. 0. 0 0. 0. 0;
17910, 0. 0. 0 0. 0. 0;
17920, 0. 0. 0 0. 0. 0;
17930, 0. 0. 0 0. 0. 0;
17940, 0. 0. 0 0. 0. 0;
17950, 0. 0. 0 0. 0. 0;
17960, 0. 0. 0 0. 0. 0;
17970, 0. 0. 0 0. 0. 0;
17980, 0. 0. 0 0. 0. 0;
17990, 0. 0. 0 0. 0. 0;
18000, 0. 0. 0 0. 0. 0;
18010, 0. 0. 0 0. 0. 0;
18020, 0. 0. 0 0. 0. 0;
18030, 0. 0. 0 0. 0. 0;
18040, 0. 0. 0 0. 0. 0;
18050, 0. 0. 0 0. 0. 0;
18060, 0. 0. 0 0. 0. 0;
18070, 0. 0. 0 0. 0. 0;
18080, 0. 0. 0 0. 0. 0;
18090, 0. 0. 0 0. 0. 0;
18100, 0. 0. 0 0. 0. 0;
18110, 0. 0. 0 0. 0. 0;
18120, 0. 0. 0 0. 0. 0;
18130, 0. 0. 0 0. 0. 0;
18140, 0. 0. 0 0. 0. 0;
18150, 0. 0. 0 0. 0. 0;
18160, 0. 0. 0 0. 0. 0;
18170, 0. 0. 0 0. 0. 0;
18180, 0. 0. 0 0. 0. 0;
18190, 0. 0. 0 0. 0. 0;
18200, 0. 0. 0 0. 0. 0;
18210, 0. 0. 0 0. 0. 0;
18220, 0. 0. 0 0. 0. 0;
18230, 0. 0. 0 0. 0. 0;
18240, 0. 0. 0 0. 0. 0;
18250, 0. 0. 0 0. 0. 0;
18260, 0. 0. 0 0. 0. 0;
18270, 0. 0. 0 0. 0. 0;
18280, 0. 0. 0 0. 0. 0;
18290, 0. 0. 0 0. 0. 0;
18300, 0. 0. 0 0. 0. 0;
18310, 0. 0. 0 0. 0. 0;
18320, 0. 0. 0 0. 0. 0;
18330, 0. 0. 0 0. 0. 0;
18340, 0. 0. 0 0. 0. 0;
18350, 0. 0. 0 0. 0. 0;
18360, 0. 0. 0 0. 0. 0;
18370, 0. 0. 0 0. 0. 0;
18380, 0. 0. 0 0. 0. 0;
18390, 0. 0. 0 0. 0. 0;
18400, 0. 0. 0 0. 0. 0;
18410, 0. 0. 0 0. 0. 0;
18420, 0. 0. 0 0. 0. 0;
18430, 0. 0. 0 0. 0. 0;
18440, 0. 0. 0 0. 0. 0;
18450, 0. 0. 0 0. 0. 0;
18460, 0. 0. 0 0. 0. 0;
18470, 0. 0. 0 0. 0. 0;
18480, 0. 0. 0 0. 0. 0;
18490, 0. 0. 0 0. 0. 0;
18500, 0. 0. 0 0. 0. 0;
18510, 0. 0. 0 0. 0. 0;
18520, 0. 0. 0 0. 0. 0;
18530, 0. 0. 0 0. 0. 0;
18540, 0. 0. 0 0. 0. 0;
18550, 0. 0. 0 0. 0. 0;
18560, 0. 0. 0 0. 0. 0;
18570, 0. 0. 0 0. 0. 0;
18580, 0. 0. 0 0. 0. 0;
18590, 0. 0. 0 0. 0. 0;
18600, 0. 0. 0 0. 0. 0;
18610, 0. 0. 0 0. 0. 0;
18620, 0. 0. 0 0. 0. 0;
18630, 0. 0. 0 0. 0. 0;
18640, 0. 0. 0 0. 0. 0;
18650, 0. 0. 0 0. 0. 0;
18660, 0. 0. 0 0. 0. 0;
18670, 0. 0. 0 0. 0. 0;
18680, 0. 0. 0 0. 0. 0;
18690, 0. 0. 0 0. 0. 0;
18700, 0. 0. 0 0. 0. 0;
18710, 0. 0. 0 0. 0. 0;
18720, 0. 0. 0 0. 0. 0;
18730, 0. 0. 0 0. 0. 0;
18740, 0. 0. 0 0. 0. 0;
18750, 0. 0. 0 0. 0. 0;
18760, 0. 0. 0 0. 0. 0;
18770, 0. 0. 0 0. 0. 0;
18780, 0. 0. 0 0. 0. 0;
18790, 0. 0. 0 0. 0. 0;
18800, 0. 0. 0 0. 0. 0;
18810, 0. 0. 0 0. 0. 0;
18820, 0. 0. 0 0. 0. 0;
18830, 0. 0. 0 0. 0. 0;
18840, 0. 0. 0 0. 0. 0;
18850, 0. 0. 0 0. 0. 0;
18860, 0. 0. 0 0. 0. 0;
18870, 0. 0. 0 0. 0. 0;
18880, 0. 0. 0 0. 0. 0;
18890, 0. 0. 0 0. 0. 0;
18900, 0. 0. 0 0. 0. 0;
18910, 0. 0. 0 0. 0. 0;
18920, 0. 0. 0 0. 0. 0;
18930, 0. 0. 0 0. 0. 0;
18940, 0. 0. 0 0. 0. 0;
18950, 0. 0. 0 0. 0. 0;
18960, 0. 0. 0 0. 0. 0;
18970, 0. 0. 0 0. 0. 0;
18980, 0. 0. 0 0. 0. 0;
18990, 0. 0. 0 0. 0. 0;
19000, 0. 0. 0 0. 0. 0;
19010, 0. 0. 0 0. 0. 0;
19020, 0. 0. 0 0. 0. 0;
19030, 0. 0. 0 0. 0. 0;
19040, 0. 0. 0 0. 0. 0;
19050, 0. 0. 0 0. 0. 0;
19060, 0. 0. 0 0. 0. 0;
19070, 0. 0. 0 0. 0. 0;
19080, 0. 0. 0 0. 0. 0;
19090, 0. 0. 0 0. 0. 0;
19100, 0. 0. 0 0. 0. 0;
19110, 0. 0. 0 0. 0. 0;
19120, 0. 0. 0 0. 0. 0;
19130, 0. 0. 0 0. 0. 0;
19140, 0. 0. 0 0. 0. 0;
19150, 0. 0. 0 0. 0. 0;
19160, 0. 0. 0 0. 0. 0;
19170, 0. 0. 0 0. 0. 0;
19180, 0. 0. 0 0. 0. 0;
19190, 0. 0. 0 0. 0. 0;
19200, 0. 0. 0 0. 0. 0;
19210, 0. 0. 0 0. 0. 0;
19220, 0. 0. 0 0. 0. 0;
19230, 0. 0. 0 0. 0. 0;
19240, 0. 0. 0 0. 0. 0;
19250, 0. 0. 0 0. 0. 0;
19260, 0. 0. 0 0. 0. 0;
19270, 0. 0. 0 0. 0. 0;
19280, 0. 0. 0 0. 0. 0;
19290, 0. 0. 0 0. 0. 0;
19300, 0. 0. 0 0. 0. 0;
19310, 0. 0. 0 0. 0. 0;
19320, 0. 0. 0 0. 0. 0;
19330, 0. 0. 0 0. 0. 0;
19340, 0. 0. 0 0. 0. 0;
19350, 0. 0. 0 0. 0. 0;
19360, 0. 0. 0 0. 0. 0;
19370, 0. 0. 0 0. 0. 0;
19380, 0. 0. 0 0. 0. 0;
19390, 0. 0. 0 0. 0. 0;
19400, 0. 0. 0 0. 0. 0;
19410, 0. 0. 0 0. 0. 0;
19420, 0. 0. 0 0. 0. 0;
19430, 0. 0. 0 0. 0. 0;
19440, 0. 0. 0 0. 0. 0;
19450, 0. 0. 0 0. 0. 0;
19460, 0. 0. 0 0. 0. 0;
19470, 0. 0. 0 0. 0. 0;
19480, 0. 0. 0 0. 0. 0;
19490, 0. 0. 0 0. 0. 0;
19500, 0. 0. 0 0. 0. 0;
19510, 0. 0. 0 0. 0. 0;
19520, 0. 0. 0 0. 0. 0;
19530, 0. 0. 0 0. 0. 0;
19540, 0. 0. 0 0. 0. 0;
19550, 0. 0. 0 0. 0. 0;
19560, 0. 0. 0 0. 0. 0;
19570, 0. 0. 0 0. 0. 0;
19580, 0. 0. 0 0. 0. 0;
19590, 0. 0. 0 0. 0. 0;
19600, 0. 0. 0 0. 0. 0;
19610, 0. 0. 0 0. 0. 0;
19620, 0. 0. 0 0. 0. 0;
19630, 0. 0. 0 0. 0. 0;
19640, 0. 0. 0 0. 0. 0;
19650, 0. 0. 0 0. 0. 0;
19660, 0. 0. 0 0. 0. 0;
19670, 0. 0. 0 0. 0. 0;
19680, 0. 0. 0 0. 0. 0;
19690, 0. 0. 0 0. 0. 0;
19700, 0. 0. 0 0. 0. 0;
19710, 0. 0. 0 0. 0. 0;
19720, 0. 0. 0 0. 0. 0;
19730, 0. 0. 0 0. 0. 0;
19740, 0. 0. 0 0. 0. 0;
19750, 0. 0. 0 0. 0. 0;
19760, 0. 0. 0 0. 0. 0;
19770, 0. 0. 0 0. 0. 0;
19780, 0. 0. 0 0. 0. 0;
19790, 0. 0. 0 0. 0. 0;
19800, 0. 0. 0 0. 0. 0;
19810, 0. 0. 0 0. 0. 0;
19820, 0. 0. 0 0. 0. 0;
19830, 0. 0. 0 0. 0. 0;
19840, 0. 0. 0 0. 0. 0;
19850, 0. 0. 0 0. 0. 0;
19860, 0. 0. 0 0. 0. 0;
19870, 0. 0. 0 0. 0. 0;
19880, 0. 0. 0 0. 0. 0;
19890, 0. 0. 0 0. 0. 0;
19900, 0. 0. 0 0. 0. 0;
19910, 0. 0. 0 0. 0. 0;
19920, 0. 0. 0 0. 0. 0;
19930, 0. 0. 0 0. 0. 0;
19940, 0. 0. 0 0. 0. 0;
19950, 0. 0. 0 0. 0. 0;
19960, 0. 0. 0 0. 0. 0;
19970, 0. 0. 0 0. 0. 0;
19980, 0. 0. 0 0. 0. 0;
19990, 0. 0. 0 0. 0. 0;
20000, 0. 0. 0 0. 0. 0;
20010, 0. 0. 0 0. 0. 0;
20020, 0. 0. 0 0. 0. 0;
20030, 0. 0. 0 0. 0. 0;
20040, 0. 0. 0 0. 0. 0;
20050, 0. 0. 0 0. 0. 0;
20060, 0. 0. 0 0. 0. 0;
20070, 0. 0. 0 0. 0. 0;
20080, 0. 0. 0 0. 0. 0;
20090, 0. 0. 0 0. 0. 0;
20100, 0. 0. 0 0. 0. 0;
20110, 0. 0. 0 0. 0. 0;
20120, 0. 0. 0 0. 0. 0;
20130, 0. 0. 0 0. 0. 0;
20140, 0. 0. 0 0. 0. 0;
20150, 0. 0. 0 0. 0. 0;
20160, 0. 0. 0 0. 0. 0;
20170, 0. 0. 0 0. 0. 0;
20180, 0. 0. 0 0. 0. 0;
20190, 0. 0. 0 0. 0. 0;
20200, 0. 0. 0 0. 0. 0;
20210, 0. 0. 0 0. 0. 0;
20220, 0. 0. 0 0. 0. 0;
20230, 0. 0. 0 0. 0. 0;
20240, 0. 0. 0 0. 0. 0;
20250, 0. 0. 0 0. 0. 0;
20260, 0. 0. 0 0. 0. 0;
20270, 0. 0. 0 0. 0. 0;
20280, 0. 0. 0 0. 0. 0;
20290, 0. 0. 0 0. 0. 0;
20300, 0. 0. 0 0. 0. 0;
20310, 0. 0. 0 0. 0. 0;
20320, 0. 0. 0 0. 0. 0;
20330, 0. 0. 0 0. 0. 0;
20340, 0. 0. 0 0. 0. 0;
20350, 0. 0. 0 0. 0. 0;
20360, 0. 0. 0 0. 0. 0;
20370, 0. 0. 0 0. 0. 0;
20380, 0. 0. 0 0. 0. 0;
20390, 0. 0. 0 0. 0. 0;
20400, 0. 0. 0 0. 0. 0;
20410, 0. 0. 0 0. 0. 0;
20420, 0. 0. 0 0. 0. 0;
20430, 0. 0. 0 0. 0. 0;
20440, 0. 0. 0 0. 0. 0;
20450, 0. 0. 0 0. 0. 0;
20460, 0. 0. 0 0. 0. 0;
20470, 0. 0. 0 0. 0. 0;
20480, 0. 0. 0 0. 0. 0;
20490, 0. 0. 0 0. 0. 0;
20500, 0. 0. 0 0. 0. 0;
20510, 0. 0. 0 0. 0. 0;
20520, 0. 0. 0 0. 0. 0;
20530, 0. 0. 0 0. 0. 0;
20540, 0. 0. 0 0. 0. 0;
20550, 0. 0. 0 0. 0. 0;
20560, 0. 0. 0 0. 0. 0;
20570, 0. 0. 0 0. 0. 0;
20580, 0. 0. 0 0. 0. 0;
20590, 0. 0. 0 0. 0. 0;
20600, 0. 0. 0 0. 0. 0;
20610, 0. 0. 0 0. 0. 0;
20620, 0. 0. 0 0. 0. 0;
20630, 0. 0. 0 0. 0. 0;
20640, 0. 0. 0 0. 0. 0;
20650, 0. 0. 0 0. 0. 0;
20660, 0. 0. 0 0. 0. 0;
20670, 0. 0. 0 0. 0. 0;
20680, 0. 0. 0 0. 0. 0;
20690, 0. 0. 0 0. 0. 0;
20700, 0. 0. 0 0. 0. 0;
20710, 0. 0. 0 0. 0. 0;
20720, 0. 0. 0 0. 0. 0;
20730, 0. 0. 0 0. 0. 0;
20740, 0. 0. 0 0. 0. 0;
20750, 0. 0. 0 0. 0. 0;
20760, 0. 0. 0 0. 0. 0;
20770, 0. 0. 0 0. 0. 0;
20780, 0. 0. 0 0. 0. 0;
20790, 0. 0. 0 0. 0. 0;
20800, 0. 0. 0 0. 0. 0;
20810, 0. 0. 0 0. 0. 0;
20820, 0. 0. 0 0. 0. 0;
20830, 0. 0. 0 0. 0. 0;
20840, 0. 0. 0 0. 0. 0;
20850, 0. 0. 0 0. 0. 0;
20860, 0. 0. 0 0. 0. 0;
20870, 0. 0. 0 0. 0. 0;
20880, 0. 0. 0 0. 0. 0;
20890, 0. 0. 0 0. 0. 0;
20900, 0. 0. 0 0. 0. 0;
20910, 0. 0. 0 0. 0. 0;
20920, 0. 0. 0 0. 0. 0;
20930, 0. 0. 0 0. 0. 0;
20940, 0. 0. 0 0. 0. 0;
20950, 0. 0. 0 0. 0. 0;
20960, 0. 0. 0 0. 0. 0;
20970, 0. 0. 0 0. 0. 0;
20980, 0. 0. 0 0. 0. 0;
20990, 0. 0. 0 0. 0. 0;
21000, 0. 0. 0 0. 0. 0;
21010, 0. 0. 0 0. 0. 0;
21020, 0. 0. 0 0. 0. 0;
21030, 0. 0. 0 0. 0. 0;
21040, 0. 0. 0 0. 0. 0;
21050, 0. 0. 0 0. 0. 0;
21060, 0. 0. 0 0. 0. 0;
21070, 0. 0. 0 0. 0. 0;
21080, 0. 0. 0 0. 0. 0;
21090, 0. 0. 0 0. 0. 0;
21100, 0. 0. 0 0. 0. 0;
21110, 0. 0. 0 0. 0. 0;
21120, 0. 0. 0 0. 0. 0;
21130, 0. 0. 0 0. 0. 0;
21140, 0. 0. 0 0. 0. 0;
21150, 0. 0. 0 0. 0. 0;
21160, 0. 0. 0 0. 0. 0;
21170, 0. 0. 0 0. 0. 0;
21180, 0. 0. 0 0. 0. 0;
21190, 0. 0. 0 0. 0. 0;
21200, 0. 0. 0 0. 0. 0;
21210, 0. 0. 0 0. 0. 0;
21220, 0. 0. 0 0. 0. 0;
21230, 0. 0. 0 0. 0. 0;
21240, 0. 0. 0 0. 0. 0;
21250, 0. 0. 0 0. 0. 0;
21260, 0. 0. 0 0. 0. 0;
21270, 0. 0. 0 0. 0. 0;
21280, 0. 0. 0 0. 0. 0;
21290, 0. 0. 0 0. 0. 0;
21300, 0. 0. 0 0. 0. 0;
21310, 0. 0. 0 0. 0. 0;
21320, 0. 0. 0 0. 0. 0;
21330, 0. 0. 0 0. 0. 0;
21340, 0. 0. 0 0. 0. 0;
21350, 0. 0. 0 0. 0. 0;
21360, 0. 0. 0 0. 0. 0;
21370, 0. 0. 0 0. 0. 0;
21380, 0. 0. 0 0. 0. 0;
21390, 0. 0. 0 0. 0. 0;
21400, 0. 0. 0 0. 0. 0;
21410, 0. 0. 0 0. 0. 0;
21420, 0. 0. 0 0. 0. 0;
21430, 0. 0. 0 0. 0. 0;
