0, 0;
10, 0. 0. 0 0. 0. 0;
20, 0. 0. 0 0. 0. 0;
30, 0. 0. 0 0. 0. 0;
40, 0. 0. 0 0. 0. 0;
50, 0. 0. 0 0. 0. 0;
60, 0. 0. 0 0. 0. 0;
70, 0. 0. 0 0. 0. 0;
80, 0. 0. 0 0. 0. 0;
90, 0. 0. 0 0. 0. 0;
100, 0. 0. 0 0. 0. 0;
110, 0. 0. 0 0. 0. 0;
120, 0. 0. 0 0. 0. 0;
130, 0. 0. 0 0. 0. 0;
140, 0. 0. 0 0. 0. 0;
150, 0. 0. 0 0. 0. 0;
160, 0. 0. 0 0. 0. 0;
170, 0. 0. 0 0. 0. 0;
180, 0. 0. 0 0. 0. 0;
190, 0. 0. 0 0. 0. 0;
200, 0. 0. 0 0. 0. 0;
210, 0. 0. 0 0. 0. 0;
220, 0. 0. 0 0. 0. 0;
230, 0. 0. 0 0. 0. 0;
240, 0. 0. 0 0. 0. 0;
250, 0. 0. 0 0. 0. 0;
260, 0. 0. 0 0. 0. 0;
270, 0. 0. 0 0. 0. 0;
280, 0. 0. 0 0. 0. 0;
290, 0. 0. 0 0. 0. 0;
300, 0. 0. 0 0. 0. 0;
310, 0. 0. 0 0. 0. 0;
320, 0. 0. 0 0. 0. 0;
330, 0. 0. 0 0. 0. 0;
340, 0. 0. 0 0. 0. 0;
350, 0. 0. 0 0. 0. 0;
360, 0. 0. 0 0. 0. 0;
370, 0. 0. 0 0. 0. 0;
380, 0. 0. 0 0. 0. 0;
390, 0. 0. 0 0. 0. 0;
400, 0. 0. 0 0. 0. 0;
410, 0. 0. 0 0. 0. 0;
420, 0. 0. 0 0. 0. 0;
430, 0. 0. 0 0. 0. 0;
440, 0. 0. 0 0. 0. 0;
450, 0. 0. 0 0. 0. 0;
460, 0. 0. 0 0. 0. 0;
470, 0. 0. 0 0. 0. 0;
480, 0. 0. 0 0. 0. 0;
490, 0. 0. 0 0. 0. 0;
500, 0. 0. 0 0. 0. 0;
510, 0. 0. 0 0. 0. 0;
520, 0. 0. 0 0. 0. 0;
530, 0. 0. 0 0. 0. 0;
540, 0. 0. 0 0. 0. 0;
550, 0. 0. 0 0. 0. 0;
560, 0. 0. 0 0. 0. 0;
570, 0. 0. 0 0. 0. 0;
580, 0. 0. 0 0. 0. 0;
590, 0. 0. 0 0. 0. 0;
600, 0. 0. 0 0. 0. 0;
610, 0. 0. 0 0. 0. 0;
620, 0. 0. 0 0. 0. 0;
630, 0. 0. 0 0. 0. 0;
640, 0. 0. 0 0. 0. 0;
650, 0. 0. 0 0. 0. 0;
660, 0. 0. 0 0. 0. 0;
670, 0. 0. 0 0. 0. 0;
680, 0. 0. 0 0. 0. 0;
690, 0. 0. 0 0. 0. 0;
700, 0. 0. 0 0. 0. 0;
710, 0. 0. 0 0. 0. 0;
720, 0. 0. 0 0. 0. 0;
730, 0. 0. 0 0. 0. 0;
740, 0. 0. 0 0. 0. 0;
750, 0. 0. 0 0. 0. 0;
760, 0. 0. 0 0. 0. 0;
770, 0. 0. 0 0. 0. 0;
780, 0. 0. 0 0. 0. 0;
790, 0. 0. 0 0. 0. 0;
800, 0. 0. 0 0. 0. 0;
810, 0. 0. 0 0. 0. 0;
820, 0. 0. 0 0. 0. 0;
830, 0. 0. 0 0. 0. 0;
840, 0. 0. 0 0. 0. 0;
850, 0. 0. 0 0. 0. 0;
860, 0. 0. 0 0. 0. 0;
870, 0. 0. 0 0. 0. 0;
880, 0. 0. 0 0. 0. 0;
890, 0. 0. 0 0. 0. 0;
900, 0. 0. 0 0. 0. 0;
910, 0. 0. 0 0. 0. 0;
920, 0. 0. 0 0. 0. 0;
930, 0. 0. 0 0. 0. 0;
940, 0. 0. 0 0. 0. 0;
950, 0. 0. 0 0. 0. 0;
960, 0. 0. 0 0. 0. 0;
970, 0. 0. 0 0. 0. 0;
980, 0. 0. 0 0. 0. 0;
990, 0. 0. 0 0. 0. 0;
1000, 0. 0. 0 0. 0. 0;
1010, 0. 0. 0 0. 0. 0;
1020, 0. 0. 0 0. 0. 0;
1030, 0. 0. 0 0. 0. 0;
1040, 0. 0. 0 0. 0. 0;
1050, 0. 0. 0 0. 0. 0;
1060, 0. 0. 0 0. 0. 0;
1070, 0. 0. 0 0. 0. 0;
1080, 0. 0. 0 0. 0. 0;
1090, 0. 0. 0 0. 0. 0;
1100, 0. 0. 0 0. 0. 0;
1110, 0. 0. 0 0. 0. 0;
1120, 0. 0. 0 0. 0. 0;
1130, 0. 0. 0 0. 0. 0;
1140, 0. 0. 0 0. 0. 0;
1150, 0. 0. 0 0. 0. 0;
1160, 0. 0. 0 0. 0. 0;
1170, 0. 0. 0 0. 0. 0;
1180, 0. 0. 0 0. 0. 0;
1190, 0. 0. 0 0. 0. 0;
1200, 0. 0. 0 0. 0. 0;
1210, 0. 0. 0 0. 0. 0;
1220, 0. 0. 0 0. 0. 0;
1230, 0. 0. 0 0. 0. 0;
1240, 0. 0. 0 0. 0. 0;
1250, 0. 0. 0 0. 0. 0;
1260, 0. 0. 0 0. 0. 0;
1270, 0. 0. 0 0. 0. 0;
1280, 0. 0. 0 0. 0. 0;
1290, 0. 0. 0 0. 0. 0;
1300, 0. 0. 0 0. 0. 0;
1310, 0. 0. 0 0. 0. 0;
1320, 0. 0. 0 0. 0. 0;
1330, 0. 0. 0 0. 0. 0;
1340, 0. 0. 0 0. 0. 0;
1350, 0. 0. 0 0. 0. 0;
1360, 0. 0. 0 0. 0. 0;
1370, 0. 0. 0 0. 0. 0;
1380, 0. 0. 0 0. 0. 0;
1390, 0. 0. 0 0. 0. 0;
1400, 0. 0. 0 0. 0. 0;
1410, 0. 0. 0 0. 0. 0;
1420, 0. 0. 0 0. 0. 0;
1430, 0. 0. 0 0. 0. 0;
1440, 0. 0. 0 0. 0. 0;
1450, 0. 0. 0 0. 0. 0;
1460, 0. 0. 0 0. 0. 0;
1470, 0. 0. 0 0. 0. 0;
1480, 0. 0. 0 0. 0. 0;
1490, 0. 0. 0 0. 0. 0;
1500, 0. 0. 0 0. 0. 0;
1510, 0. 0. 0 0. 0. 0;
1520, 0. 0. 0 0. 0. 0;
1530, 0. 0. 0 0. 0. 0;
1540, 0. 0. 0 0. 0. 0;
1550, 0. 0. 0 0. 0. 0;
1560, 0. 0. 0 0. 0. 0;
1570, 0. 0. 0 0. 0. 0;
1580, 0. 0. 0 0. 0. 0;
1590, 0. 0. 0 0. 0. 0;
1600, 0. 0. 0 0. 0. 0;
1610, 0. 0. 0 0. 0. 0;
1620, 0. 0. 0 0. 0. 0;
1630, 0. 0. 0 0. 0. 0;
1640, 0. 0. 0 0. 0. 0;
1650, 0. 0. 0 0. 0. 0;
1660, 0. 0. 0 0. 0. 0;
1670, 0. 0. 0 0. 0. 0;
1680, 0. 0. 0 0. 0. 0;
1690, 0. 0. 0 0. 0. 0;
1700, 0. 0. 0 0. 0. 0;
1710, 0. 0. 0 0. 0. 0;
1720, 0. 0. 0 0. 0. 0;
1730, 0. 0. 0 0. 0. 0;
1740, 0. 0. 0 0. 0. 0;
1750, 0. 0. 0 0. 0. 0;
1760, 0. 0. 0 0. 0. 0;
1770, 0. 0. 0 0. 0. 0;
1780, 0. 0. 0 0. 0. 0;
1790, 0. 0. 0 0. 0. 0;
1800, 0. 0. 0 0. 0. 0;
1810, 0. 0. 0 0. 0. 0;
1820, 0. 0. 0 0. 0. 0;
1830, 0. 0. 0 0. 0. 0;
1840, 0. 0. 0 0. 0. 0;
1850, 0. 0. 0 0. 0. 0;
1860, 0. 0. 0 0. 0. 0;
1870, 0. 0. 0 0. 0. 0;
1880, 0. 0. 0 0. 0. 0;
1890, 0. 0. 0 0. 0. 0;
1900, 0. 0. 0 0. 0. 0;
1910, 0. 0. 0 0. 0. 0;
1920, 0. 0. 0 0. 0. 0;
1930, 0. 0. 0 0. 0. 0;
1940, 0. 0. 0 0. 0. 0;
1950, 0. 0. 0 0. 0. 0;
1960, 0. 0. 0 0. 0. 0;
1970, 0. 0. 0 0. 0. 0;
1980, 0. 0. 0 0. 0. 0;
1990, 0. 0. 0 0. 0. 0;
2000, 0. 0. 0 0. 0. 0;
2010, 0. 0. 0 0. 0. 0;
2020, 0. 0. 0 0. 0. 0;
2030, 0. 0. 0 0. 0. 0;
2040, 0. 0. 0 0. 0. 0;
2050, 0. 0. 0 0. 0. 0;
2060, 0. 0. 0 0. 0. 0;
2070, 0. 0. 0 0. 0. 0;
2080, 0. 0. 0 0. 0. 0;
2090, 0. 0. 0 0. 0. 0;
2100, 0. 0. 0 0. 0. 0;
2110, 0. 0. 0 0. 0. 0;
2120, 0. 0. 0 0. 0. 0;
2130, 0. 0. 0 0. 0. 0;
2140, 0. 0. 0 0. 0. 0;
2150, 0. 0. 0 0. 0. 0;
2160, 0. 0. 0 0. 0. 0;
2170, 0. 0. 0 0. 0. 0;
2223, 0. 0. 0 0. 0. 0;
2233, 0. 0. 0 0. 0. 0;
2243, 0. 0. 0 0. 0. 0;
2253, 0. 0. 0 0. 0. 0;
2263, 0. 0. 0 0. 0. 0;
2273, 0. 0. 0 0. 0. 0;
2283, 0. 0. 0 0. 0. 0;
2293, 0. 0. 0 0. 0. 0;
2303, 0. 0. 0 0. 0. 0;
2313, 0. 0. 0 0. 0. 0;
2323, 0. 0. 0 0. 0. 0;
2333, 0. 0. 0 0. 0. 0;
2343, 0. 0. 0 0. 0. 0;
2353, 0. 0. 0 0. 0. 0;
2363, 0. 0. 0 0. 0. 0;
2373, 0. 0. 0 0. 0. 0;
2383, 0. 0. 0 0. 0. 0;
2393, 0. 0. 0 0. 0. 0;
2403, 0. 0. 0 0. 0. 0;
2413, 0. 0. 0 0. 0. 0;
2423, 0. 0. 0 0. 0. 0;
2433, 0. 0. 0 0. 0. 0;
2443, 0. 0. 0 0. 0. 0;
2453, 0. 0. 0 0. 0. 0;
2463, 0. 0. 0 0. 0. 0;
2473, 0. 0. 0 0. 0. 0;
2483, 0. 0. 0 0. 0. 0;
2493, 0. 0. 0 0. 0. 0;
2503, 0. 0. 0 0. 0. 0;
2513, 0. 0. 0 0. 0. 0;
2523, 0. 0. 0 0. 0. 0;
2533, 0. 0. 0 0. 0. 0;
2543, 0. 0. 0 0. 0. 0;
2553, 0. 0. 0 0. 0. 0;
2563, 0. 0. 0 0. 0. 0;
2573, 0. 0. 0 0. 0. 0;
2583, 0. 0. 0 0. 0. 0;
2593, 0. 0. 0 0. 0. 0;
2603, 0. 0. 0 0. 0. 0;
2613, 0. 0. 0 0. 0. 0;
2623, 0. 0. 0 0. 0. 0;
2633, 0. 0. 0 0. 0. 0;
2643, 0. 0. 0 0. 0. 0;
2653, 0. 0. 0 0. 0. 0;
2663, 0. 0. 0 0. 0. 0;
2673, 0. 0. 0 0. 0. 0;
2683, 0. 0. 0 0. 0. 0;
2693, 0. 0. 0 0. 0. 0;
2703, 0. 0. 0 0. 0. 0;
2713, 0. 0. 0 0. 0. 0;
2723, 0. 0. 0 0. 0. 0;
2733, 0. 0. 0 0. 0. 0;
2743, 0. 0. 0 0. 0. 0;
2753, 0. 0. 0 0. 0. 0;
2763, 0. 0. 0 0. 0. 0;
2773, 0. 0. 0 0. 0. 0;
2783, 0. 0. 0 0. 0. 0;
2793, 0. 0. 0 0. 0. 0;
2803, 0. 0. 0 0. 0. 0;
2813, 0. 0. 0 0. 0. 0;
2823, 0. 0. 0 0. 0. 0;
2833, 0. 0. 0 0. 0. 0;
2843, 0. 0. 0 0. 0. 0;
2853, 0. 0. 0 0. 0. 0;
2863, 0. 0. 0 0. 0. 0;
2873, 0. 0. 0 0. 0. 0;
2883, 0. 0. 0 0. 0. 0;
2893, 0. 0. 0 0. 0. 0;
2903, 0. 0. 0 0. 0. 0;
2913, 0. 0. 0 0. 0. 0;
2923, 0. 0. 0 0. 0. 0;
2933, 0. 0. 0 0. 0. 0;
2943, 0. 0. 0 0. 0. 0;
2953, 0. 0. 0 0. 0. 0;
2963, 0. 0. 0 0. 0. 0;
2973, 0. 0. 0 0. 0. 0;
2983, 0. 0. 0 0. 0. 0;
2993, 0. 0. 0 0. 0. 0;
3003, 0. 0. 0 0. 0. 0;
3013, 0. 0. 0 0. 0. 0;
3023, 0. 0. 0 0. 0. 0;
3033, 0. 0. 0 0. 0. 0;
3043, 0. 0. 0 0. 0. 0;
3053, 0. 0. 0 0. 0. 0;
3063, 0. 0. 0 0. 0. 0;
3073, 0. 0. 0 0. 0. 0;
3083, 0. 0. 0 0. 0. 0;
3093, 0. 0. 0 0. 0. 0;
3103, 0. 0. 0 0. 0. 0;
3113, 0. 0. 0 0. 0. 0;
3123, 0. 0. 0 0. 0. 0;
3133, 0. 0. 0 0. 0. 0;
3143, 0. 0. 0 0. 0. 0;
3153, 0. 0. 0 0. 0. 0;
3163, 0. 0. 0 0. 0. 0;
3173, 0. 0. 0 0. 0. 0;
3183, 0. 0. 0 0. 0. 0;
3193, 0. 0. 0 0. 0. 0;
3203, 0. 0. 0 0. 0. 0;
3213, 0. 0. 0 0. 0. 0;
3223, 0. 0. 0 0. 0. 0;
3233, 0. 0. 0 0. 0. 0;
3243, 0. 0. 0 0. 0. 0;
3253, 0. 0. 0 0. 0. 0;
3263, 0. 0. 0 0. 0. 0;
3273, 0. 0. 0 0. 0. 0;
3283, 0. 0. 0 0. 0. 0;
3293, 0. 0. 0 0. 0. 0;
3303, 0. 0. 0 0. 0. 0;
3313, 0. 0. 0 0. 0. 0;
3323, 0. 0. 0 0. 0. 0;
3333, 0. 0. 0 0. 0. 0;
3343, 0. 0. 0 0. 0. 0;
3353, 0. 0. 0 0. 0. 0;
3363, 0. 0. 0 0. 0. 0;
3373, 0. 0. 0 0. 0. 0;
3383, 0. 0. 0 0. 0. 0;
3393, 0. 0. 0 0. 0. 0;
3403, 0. 0. 0 0. 0. 0;
3413, 0. 0. 0 0. 0. 0;
3423, 0. 0. 0 0. 0. 0;
3433, 0. 0. 0 0. 0. 0;
3443, 0. 0. 0 0. 0. 0;
3453, 0. 0. 0 0. 0. 0;
3463, 0. 0. 0 0. 0. 0;
3473, 0. 0. 0 0. 0. 0;
3483, 0. 0. 0 0. 0. 0;
3493, 0. 0. 0 0. 0. 0;
3503, 0. 0. 0 0. 0. 0;
3513, 0. 0. 0 0. 0. 0;
3523, 0. 0. 0 0. 0. 0;
3533, 0. 0. 0 0. 0. 0;
3543, 0. 0. 0 0. 0. 0;
3553, 0. 0. 0 0. 0. 0;
3563, 0. 0. 0 0. 0. 0;
3573, 0. 0. 0 0. 0. 0;
3583, 0. 0. 0 0. 0. 0;
3593, 0. 0. 0 0. 0. 0;
3603, 0. 0. 0 0. 0. 0;
3613, 0. 0. 0 0. 0. 0;
3623, 0. 0. 0 0. 0. 0;
3633, 0. 0. 0 0. 0. 0;
3643, 0. 0. 0 0. 0. 0;
3653, 0. 0. 0 0. 0. 0;
3663, 0. 0. 0 0. 0. 0;
3673, 0. 0. 0 0. 0. 0;
3683, 0. 0. 0 0. 0. 0;
3693, 0. 0. 0 0. 0. 0;
3703, 0. 0. 0 0. 0. 0;
3713, 0. 0. 0 0. 0. 0;
3723, 0. 0. 0 0. 0. 0;
3733, 0. 0. 0 0. 0. 0;
3743, 0. 0. 0 0. 0. 0;
3753, 0. 0. 0 0. 0. 0;
3763, 0. 0. 0 0. 0. 0;
3773, 0. 0. 0 0. 0. 0;
3783, 0. 0. 0 0. 0. 0;
3793, 0. 0. 0 0. 0. 0;
3803, 0. 0. 0 0. 0. 0;
3813, 0. 0. 0 0. 0. 0;
3823, 0. 0. 0 0. 0. 0;
3833, 0. 0. 0 0. 0. 0;
3843, 0. 0. 0 0. 0. 0;
3853, 0. 0. 0 0. 0. 0;
3863, 0. 0. 0 0. 0. 0;
3873, 0. 0. 0 0. 0. 0;
3883, 0. 0. 0 0. 0. 0;
3893, 0. 0. 0 0. 0. 0;
3903, 0. 0. 0 0. 0. 0;
3913, 0. 0. 0 0. 0. 0;
3923, 0. 0. 0 0. 0. 0;
3933, 0. 0. 0 0. 0. 0;
3972, 0. 0. 0 0. 0. 0;
3982, 0. 0. 0 0. 0. 0;
3992, 0. 0. 0 0. 0. 0;
4002, 0. 0. 0 0. 0. 0;
4012, 0. 0. 0 0. 0. 0;
4022, 0. 0. 0 0. 0. 0;
4032, 0. 0. 0 0. 0. 0;
4042, 0. 0. 0 0. 0. 0;
4052, 0. 0. 0 0. 0. 0;
4062, 0. 0. 0 0. 0. 0;
4072, 0. 0. 0 0. 0. 0;
4082, 0. 0. 0 0. 0. 0;
4092, 0. 0. 0 0. 0. 0;
4102, 0. 0. 0 0. 0. 0;
4112, 0. 0. 0 0. 0. 0;
4122, 0. 0. 0 0. 0. 0;
4132, 0. 0. 0 0. 0. 0;
4142, 0. 0. 0 0. 0. 0;
4152, 0. 0. 0 0. 0. 0;
4162, 0. 0. 0 0. 0. 0;
4172, 0. 0. 0 0. 0. 0;
4182, 0. 0. 0 0. 0. 0;
4192, 0. 0. 0 0. 0. 0;
4202, 0. 0. 0 0. 0. 0;
4212, 0. 0. 0 0. 0. 0;
4222, 0. 0. 0 0. 0. 0;
4232, 0. 0. 0 0. 0. 0;
4242, 0. 0. 0 0. 0. 0;
4252, 0. 0. 0 0. 0. 0;
4262, 0. 0. 0 0. 0. 0;
4272, 0. 0. 0 0. 0. 0;
4282, 0. 0. 0 0. 0. 0;
4292, 0. 0. 0 0. 0. 0;
4302, 0. 0. 0 0. 0. 0;
4312, 0. 0. 0 0. 0. 0;
4322, 0. 0. 0 0. 0. 0;
4332, 0. 0. 0 0. 0. 0;
4342, 0. 0. 0 0. 0. 0;
4352, 0. 0. 0 0. 0. 0;
4362, 0. 0. 0 0. 0. 0;
4372, 0. 0. 0 0. 0. 0;
4382, 0. 0. 0 0. 0. 0;
4392, 0. 0. 0 0. 0. 0;
4402, 0. 0. 0 0. 0. 0;
4412, 0. 0. 0 0. 0. 0;
4422, 0. 0. 0 0. 0. 0;
4432, 0. 0. 0 0. 0. 0;
4442, 0. 0. 0 0. 0. 0;
4452, 0. 0. 0 0. 0. 0;
4462, 0. 0. 0 0. 0. 0;
4472, 0. 0. 0 0. 0. 0;
4482, 0. 0. 0 0. 0. 0;
4492, 0. 0. 0 0. 0. 0;
4502, 0. 0. 0 0. 0. 0;
4512, 0. 0. 0 0. 0. 0;
4522, 0. 0. 0 0. 0. 0;
4532, 0. 0. 0 0. 0. 0;
4542, 0. 0. 0 0. 0. 0;
4552, 0. 0. 0 0. 0. 0;
4562, 0. 0. 0 0. 0. 0;
4572, 0. 0. 0 0. 0. 0;
4582, 0. 0. 0 0. 0. 0;
4592, 0. 0. 0 0. 0. 0;
4602, 0. 0. 0 0. 0. 0;
4612, 0. 0. 0 0. 0. 0;
4622, 0. 0. 0 0. 0. 0;
4632, 0. 0. 0 0. 0. 0;
4642, 0. 0. 0 0. 0. 0;
4652, 0. 0. 0 0. 0. 0;
4662, 0. 0. 0 0. 0. 0;
4672, 0. 0. 0 0. 0. 0;
4682, 0. 0. 0 0. 0. 0;
4692, 0. 0. 0 0. 0. 0;
4702, 0. 0. 0 0. 0. 0;
4712, 0. 0. 0 0. 0. 0;
4722, 0. 0. 0 0. 0. 0;
4732, 0. 0. 0 0. 0. 0;
4742, 0. 0. 0 0. 0. 0;
4752, 0. 0. 0 0. 0. 0;
4762, 0. 0. 0 0. 0. 0;
4772, 0. 0. 0 0. 0. 0;
4782, 0. 0. 0 0. 0. 0;
4792, 0. 0. 0 0. 0. 0;
4802, 0. 0. 0 0. 0. 0;
4812, 0. 0. 0 0. 0. 0;
4822, 0. 0. 0 0. 0. 0;
4832, 0. 0. 0 0. 0. 0;
4842, 0. 0. 0 0. 0. 0;
4852, 0. 0. 0 0. 0. 0;
4862, 0. 0. 0 0. 0. 0;
4872, 0. 0. 0 0. 0. 0;
4882, 0. 0. 0 0. 0. 0;
4892, 0. 0. 0 0. 0. 0;
4902, 0. 0. 0 0. 0. 0;
4912, 0. 0. 0 0. 0. 0;
4922, 0. 0. 0 0. 0. 0;
4932, 0. 0. 0 0. 0. 0;
4942, 0. 0. 0 0. 0. 0;
4952, 0. 0. 0 0. 0. 0;
4962, 0. 0. 0 0. 0. 0;
4972, 0. 0. 0 0. 0. 0;
4982, 0. 0. 0 0. 0. 0;
4992, 0. 0. 0 0. 0. 0;
5002, 0. 0. 0 0. 0. 0;
5012, 0. 0. 0 0. 0. 0;
5022, 0. 0. 0 0. 0. 0;
5032, 0. 0. 0 0. 0. 0;
5042, 0. 0. 0 0. 0. 0;
5052, 0. 0. 0 0. 0. 0;
5062, 0. 0. 0 0. 0. 0;
5072, 0. 0. 0 0. 0. 0;
5082, 0. 0. 0 0. 0. 0;
5092, 0. 0. 0 0. 0. 0;
5102, 0. 0. 0 0. 0. 0;
5112, 0. 0. 0 0. 0. 0;
5122, 0. 0. 0 0. 0. 0;
5132, 0. 0. 0 0. 0. 0;
5142, 0. 0. 0 0. 0. 0;
5152, 0. 0. 0 0. 0. 0;
5162, 0. 0. 0 0. 0. 0;
5172, 0. 0. 0 0. 0. 0;
5182, 0. 0. 0 0. 0. 0;
5192, 0. 0. 0 0. 0. 0;
5202, 0. 0. 0 0. 0. 0;
5212, 0. 0. 0 0. 0. 0;
5222, 0. 0. 0 0. 0. 0;
5232, 0. 0. 0 0. 0. 0;
5242, 0. 0. 0 0. 0. 0;
5252, 0. 0. 0 0. 0. 0;
5262, 0. 0. 0 0. 0. 0;
5272, 0. 0. 0 0. 0. 0;
5282, 0. 0. 0 0. 0. 0;
5292, 0. 0. 0 0. 0. 0;
5302, 0. 0. 0 0. 0. 0;
5312, 0. 0. 0 0. 0. 0;
5322, 0. 0. 0 0. 0. 0;
5332, 0. 0. 0 0. 0. 0;
5342, 0. 0. 0 0. 0. 0;
5352, 0. 0. 0 0. 0. 0;
5362, 0. 0. 0 0. 0. 0;
5372, 0. 0. 0 0. 0. 0;
5382, 0. 0. 0 0. 0. 0;
5392, 0. 0. 0 0. 0. 0;
5402, 0. 0. 0 0. 0. 0;
5412, 0. 0. 0 0. 0. 0;
5422, 0. 0. 0 0. 0. 0;
5432, 0. 0. 0 0. 0. 0;
5442, 0. 0. 0 0. 0. 0;
5452, 0. 0. 0 0. 0. 0;
5462, 0. 0. 0 0. 0. 0;
5472, 0. 0. 0 0. 0. 0;
5482, 0. 0. 0 0. 0. 0;
5492, 0. 0. 0 0. 0. 0;
5502, 0. 0. 0 0. 0. 0;
5512, 0. 0. 0 0. 0. 0;
5522, 0. 0. 0 0. 0. 0;
5532, 0. 0. 0 0. 0. 0;
5542, 0. 0. 0 0. 0. 0;
5552, 0. 0. 0 0. 0. 0;
5562, 0. 0. 0 0. 0. 0;
5572, 0. 0. 0 0. 0. 0;
5582, 0. 0. 0 0. 0. 0;
5592, 0. 0. 0 0. 0. 0;
5602, 0. 0. 0 0. 0. 0;
5612, 0. 0. 0 0. 0. 0;
5622, 0. 0. 0 0. 0. 0;
5632, 0. 0. 0 0. 0. 0;
5642, 0. 0. 0 0. 0. 0;
5652, 0. 0. 0 0. 0. 0;
5662, 0. 0. 0 0. 0. 0;
5672, 0. 0. 0 0. 0. 0;
5682, 0. 0. 0 0. 0. 0;
5692, 0. 0. 0 0. 0. 0;
5702, 0. 0. 0 0. 0. 0;
5712, 0. 0. 0 0. 0. 0;
5722, 0. 0. 0 0. 0. 0;
5732, 0. 0. 0 0. 0. 0;
5742, 0. 0. 0 0. 0. 0;
5752, 0. 0. 0 0. 0. 0;
5762, 0. 0. 0 0. 0. 0;
5772, 0. 0. 0 0. 0. 0;
5782, 0. 0. 0 0. 0. 0;
5792, 0. 0. 0 0. 0. 0;
5802, 0. 0. 0 0. 0. 0;
5812, 0. 0. 0 0. 0. 0;
5822, 0. 0. 0 0. 0. 0;
5832, 0. 0. 0 0. 0. 0;
5842, 0. 0. 0 0. 0. 0;
5852, 0. 0. 0 0. 0. 0;
5862, 0. 0. 0 0. 0. 0;
5872, 0. 0. 0 0. 0. 0;
5882, 0. 0. 0 0. 0. 0;
5892, 0. 0. 0 0. 0. 0;
5902, 0. 0. 0 0. 0. 0;
5912, 0. 0. 0 0. 0. 0;
5922, 0. 0. 0 0. 0. 0;
5932, 0. 0. 0 0. 0. 0;
5942, 0. 0. 0 0. 0. 0;
5952, 0. 0. 0 0. 0. 0;
5962, 0. 0. 0 0. 0. 0;
5972, 0. 0. 0 0. 0. 0;
5982, 0. 0. 0 0. 0. 0;
5992, 0. 0. 0 0. 0. 0;
6002, 0. 0. 0 0. 0. 0;
6012, 0. 0. 0 0. 0. 0;
6022, 0. 0. 0 0. 0. 0;
6032, 0. 0. 0 0. 0. 0;
6042, 0. 0. 0 0. 0. 0;
6052, 0. 0. 0 0. 0. 0;
6062, 0. 0. 0 0. 0. 0;
6072, 0. 0. 0 0. 0. 0;
6082, 0. 0. 0 0. 0. 0;
6092, 0. 0. 0 0. 0. 0;
6102, 0. 0. 0 0. 0. 0;
6112, 0. 0. 0 0. 0. 0;
6122, 0. 0. 0 0. 0. 0;
6132, 0. 0. 0 0. 0. 0;
6142, 0. 0. 0 0. 0. 0;
6152, 0. 0. 0 0. 0. 0;
6162, 0. 0. 0 0. 0. 0;
6172, 0. 0. 0 0. 0. 0;
6182, 0. 0. 0 0. 0. 0;
6192, 0. 0. 0 0. 0. 0;
6202, 0. 0. 0 0. 0. 0;
6212, 0. 0. 0 0. 0. 0;
6222, 0. 0. 0 0. 0. 0;
6232, 0. 0. 0 0. 0. 0;
6242, 0. 0. 0 0. 0. 0;
6252, 0. 0. 0 0. 0. 0;
6262, 0. 0. 0 0. 0. 0;
6272, 0. 0. 0 0. 0. 0;
6282, 0. 0. 0 0. 0. 0;
6292, 0. 0. 0 0. 0. 0;
6302, 0. 0. 0 0. 0. 0;
6312, 0. 0. 0 0. 0. 0;
6322, 0. 0. 0 0. 0. 0;
6332, 0. 0. 0 0. 0. 0;
6342, 0. 0. 0 0. 0. 0;
6352, 0. 0. 0 0. 0. 0;
6362, 0. 0. 0 0. 0. 0;
6372, 0. 0. 0 0. 0. 0;
6382, 0. 0. 0 0. 0. 0;
6392, 0. 0. 0 0. 0. 0;
6402, 0. 0. 0 0. 0. 0;
6412, 0. 0. 0 0. 0. 0;
6422, 0. 0. 0 0. 0. 0;
6432, 0. 0. 0 0. 0. 0;
6442, 0. 0. 0 0. 0. 0;
6452, 0. 0. 0 0. 0. 0;
6462, 0. 0. 0 0. 0. 0;
6472, 0. 0. 0 0. 0. 0;
6482, 0. 0. 0 0. 0. 0;
6492, 0. 0. 0 0. 0. 0;
6502, 0. 0. 0 0. 0. 0;
6512, 0. 0. 0 0. 0. 0;
6522, 0. 0. 0 0. 0. 0;
6532, 0. 0. 0 0. 0. 0;
6542, 0. 0. 0 0. 0. 0;
6552, 0. 0. 0 0. 0. 0;
6562, 0. 0. 0 0. 0. 0;
6572, 0. 0. 0 0. 0. 0;
6582, 0. 0. 0 0. 0. 0;
6592, 0. 0. 0 0. 0. 0;
6602, 0. 0. 0 0. 0. 0;
6612, 0. 0. 0 0. 0. 0;
6622, 0. 0. 0 0. 0. 0;
6632, 0. 0. 0 0. 0. 0;
6642, 0. 0. 0 0. 0. 0;
6652, 0. 0. 0 0. 0. 0;
6662, 0. 0. 0 0. 0. 0;
6672, 0. 0. 0 0. 0. 0;
6682, 0. 0. 0 0. 0. 0;
6692, 0. 0. 0 0. 0. 0;
6702, 0. 0. 0 0. 0. 0;
6712, 0. 0. 0 0. 0. 0;
6722, 0. 0. 0 0. 0. 0;
6732, 0. 0. 0 0. 0. 0;
6742, 0. 0. 0 0. 0. 0;
6752, 0. 0. 0 0. 0. 0;
6762, 0. 0. 0 0. 0. 0;
6772, 0. 0. 0 0. 0. 0;
6782, 0. 0. 0 0. 0. 0;
6792, 0. 0. 0 0. 0. 0;
6802, 0. 0. 0 0. 0. 0;
6812, 0. 0. 0 0. 0. 0;
6822, 0. 0. 0 0. 0. 0;
6832, 0. 0. 0 0. 0. 0;
6842, 0. 0. 0 0. 0. 0;
6852, 0. 0. 0 0. 0. 0;
6862, 0. 0. 0 0. 0. 0;
6872, 0. 0. 0 0. 0. 0;
6882, 0. 0. 0 0. 0. 0;
6892, 0. 0. 0 0. 0. 0;
6902, 0. 0. 0 0. 0. 0;
6912, 0. 0. 0 0. 0. 0;
6922, 0. 0. 0 0. 0. 0;
6932, 0. 0. 0 0. 0. 0;
6942, 0. 0. 0 0. 0. 0;
6952, 0. 0. 0 0. 0. 0;
6962, 0. 0. 0 0. 0. 0;
6972, 0. 0. 0 0. 0. 0;
6982, 0. 0. 0 0. 0. 0;
6992, 0. 0. 0 0. 0. 0;
7002, 0. 0. 0 0. 0. 0;
7012, 0. 0. 0 0. 0. 0;
7022, 0. 0. 0 0. 0. 0;
7032, 0. 0. 0 0. 0. 0;
7042, 0. 0. 0 0. 0. 0;
7052, 0. 0. 0 0. 0. 0;
7062, 0. 0. 0 0. 0. 0;
7072, 0. 0. 0 0. 0. 0;
7082, 0. 0. 0 0. 0. 0;
7092, 0. 0. 0 0. 0. 0;
7102, 0. 0. 0 0. 0. 0;
7112, 0. 0. 0 0. 0. 0;
7122, 0. 0. 0 0. 0. 0;
7132, 0. 0. 0 0. 0. 0;
7142, 0. 0. 0 0. 0. 0;
7152, 0. 0. 0 0. 0. 0;
7162, 0. 0. 0 0. 0. 0;
7172, 0. 0. 0 0. 0. 0;
7182, 0. 0. 0 0. 0. 0;
7192, 0. 0. 0 0. 0. 0;
7202, 0. 0. 0 0. 0. 0;
7212, 0. 0. 0 0. 0. 0;
7222, 0. 0. 0 0. 0. 0;
7232, 0. 0. 0 0. 0. 0;
7242, 0. 0. 0 0. 0. 0;
7252, 0. 0. 0 0. 0. 0;
7262, 0. 0. 0 0. 0. 0;
7272, 0. 0. 0 0. 0. 0;
7282, 0. 0. 0 0. 0. 0;
7292, 0. 0. 0 0. 0. 0;
7302, 0. 0. 0 0. 0. 0;
7312, 0. 0. 0 0. 0. 0;
7322, 0. 0. 0 0. 0. 0;
7332, 0. 0. 0 0. 0. 0;
7342, 0. 0. 0 0. 0. 0;
7352, 0. 0. 0 0. 0. 0;
7362, 0. 0. 0 0. 0. 0;
7372, 0. 0. 0 0. 0. 0;
7382, 0. 0. 0 0. 0. 0;
7392, 0. 0. 0 0. 0. 0;
7402, 0. 0. 0 0. 0. 0;
7412, 0. 0. 0 0. 0. 0;
7422, 0. 0. 0 0. 0. 0;
7432, 0. 0. 0 0. 0. 0;
7442, 0. 0. 0 0. 0. 0;
7452, 0. 0. 0 0. 0. 0;
7462, 0. 0. 0 0. 0. 0;
7472, 0. 0. 0 0. 0. 0;
7482, 0. 0. 0 0. 0. 0;
7492, 0. 0. 0 0. 0. 0;
7502, 0. 0. 0 0. 0. 0;
7512, 0. 0. 0 0. 0. 0;
7522, 0. 0. 0 0. 0. 0;
7532, 0. 0. 0 0. 0. 0;
7542, 0. 0. 0 0. 0. 0;
7552, 0. 0. 0 0. 0. 0;
7562, 0. 0. 0 0. 0. 0;
7572, 0. 0. 0 0. 0. 0;
7582, 0. 0. 0 0. 0. 0;
7592, 0. 0. 0 0. 0. 0;
7602, 0. 0. 0 0. 0. 0;
7612, 0. 0. 0 0. 0. 0;
7622, 0. 0. 0 0. 0. 0;
7632, 0. 0. 0 0. 0. 0;
7642, 0. 0. 0 0. 0. 0;
7652, 0. 0. 0 0. 0. 0;
7662, 0. 0. 0 0. 0. 0;
7672, 0. 0. 0 0. 0. 0;
7682, 0. 0. 0 0. 0. 0;
7692, 0. 0. 0 0. 0. 0;
7702, 0. 0. 0 0. 0. 0;
7712, 0. 0. 0 0. 0. 0;
7722, 0. 0. 0 0. 0. 0;
7732, 0. 0. 0 0. 0. 0;
7742, 0. 0. 0 0. 0. 0;
7752, 0. 0. 0 0. 0. 0;
7762, 0. 0. 0 0. 0. 0;
7772, 0. 0. 0 0. 0. 0;
7782, 0. 0. 0 0. 0. 0;
7792, 0. 0. 0 0. 0. 0;
7802, 0. 0. 0 0. 0. 0;
7812, 0. 0. 0 0. 0. 0;
7822, 0. 0. 0 0. 0. 0;
7832, 0. 0. 0 0. 0. 0;
7842, 0. 0. 0 0. 0. 0;
7852, 0. 0. 0 0. 0. 0;
7862, 0. 0. 0 0. 0. 0;
7872, 0. 0. 0 0. 0. 0;
7882, 0. 0. 0 0. 0. 0;
7892, 0. 0. 0 0. 0. 0;
7902, 0. 0. 0 0. 0. 0;
7912, 0. 0. 0 0. 0. 0;
7922, 0. 0. 0 0. 0. 0;
7932, 0. 0. 0 0. 0. 0;
7942, 0. 0. 0 0. 0. 0;
7952, 0. 0. 0 0. 0. 0;
7962, 0. 0. 0 0. 0. 0;
7972, 0. 0. 0 0. 0. 0;
7982, 0. 0. 0 0. 0. 0;
7992, 0. 0. 0 0. 0. 0;
8002, 0. 0. 0 0. 0. 0;
8012, 0. 0. 0 0. 0. 0;
8022, 0. 0. 0 0. 0. 0;
8032, 0. 0. 0 0. 0. 0;
8042, 0. 0. 0 0. 0. 0;
8052, 0. 0. 0 0. 0. 0;
8062, 0. 0. 0 0. 0. 0;
8072, 0. 0. 0 0. 0. 0;
8082, 0. 0. 0 0. 0. 0;
8092, 0. 0. 0 0. 0. 0;
8102, 0. 0. 0 0. 0. 0;
8112, 0. 0. 0 0. 0. 0;
8122, 0. 0. 0 0. 0. 0;
8132, 0. 0. 0 0. 0. 0;
8142, 0. 0. 0 0. 0. 0;
8152, 0. 0. 0 0. 0. 0;
8162, 0. 0. 0 0. 0. 0;
8172, 0. 0. 0 0. 0. 0;
8182, 0. 0. 0 0. 0. 0;
8192, 0. 0. 0 0. 0. 0;
8202, 0. 0. 0 0. 0. 0;
8212, 0. 0. 0 0. 0. 0;
8222, 0. 0. 0 0. 0. 0;
8232, 0. 0. 0 0. 0. 0;
8242, 0. 0. 0 0. 0. 0;
8252, 0. 0. 0 0. 0. 0;
8262, 0. 0. 0 0. 0. 0;
8272, 0. 0. 0 0. 0. 0;
8282, 0. 0. 0 0. 0. 0;
8353, 0. 0. 0 0. 0. 0;
8501, 0. 0. 0 0. 0. 0;
8568, 0. 0. 0 0. 0. 0;
8578, 0. 0. 0 0. 0. 0;
8588, 0. 0. 0 0. 0. 0;
8598, 0. 0. 0 0. 0. 0;
8608, 0. 0. 0 0. 0. 0;
8618, 0. 0. 0 0. 0. 0;
8628, 0. 0. 0 0. 0. 0;
8638, 0. 0. 0 0. 0. 0;
8648, 0. 0. 0 0. 0. 0;
8658, 0. 0. 0 0. 0. 0;
8668, 0. 0. 0 0. 0. 0;
8678, 0. 0. 0 0. 0. 0;
8688, 0. 0. 0 0. 0. 0;
8698, 0. 0. 0 0. 0. 0;
8708, 0. 0. 0 0. 0. 0;
8718, 0. 0. 0 0. 0. 0;
8728, 0. 0. 0 0. 0. 0;
8738, 0. 0. 0 0. 0. 0;
8748, 0. 0. 0 0. 0. 0;
8758, 0. 0. 0 0. 0. 0;
8768, 0. 0. 0 0. 0. 0;
8778, 0. 0. 0 0. 0. 0;
8788, 0. 0. 0 0. 0. 0;
8798, 0. 0. 0 0. 0. 0;
8808, 0. 0. 0 0. 0. 0;
8818, 0. 0. 0 0. 0. 0;
8828, 0. 0. 0 0. 0. 0;
8838, 0. 0. 0 0. 0. 0;
8848, 0. 0. 0 0. 0. 0;
8858, 0. 0. 0 0. 0. 0;
8868, 0. 0. 0 0. 0. 0;
8878, 0. 0. 0 0. 0. 0;
8888, 0. 0. 0 0. 0. 0;
8898, 0. 0. 0 0. 0. 0;
8908, 0. 0. 0 0. 0. 0;
8918, 0. 0. 0 0. 0. 0;
8928, 0. 0. 0 0. 0. 0;
8938, 0. 0. 0 0. 0. 0;
8948, 0. 0. 0 0. 0. 0;
8958, 0. 0. 0 0. 0. 0;
8968, 0. 0. 0 0. 0. 0;
8978, 0. 0. 0 0. 0. 0;
8988, 0. 0. 0 0. 0. 0;
8998, 0. 0. 0 0. 0. 0;
9008, 0. 0. 0 0. 0. 0;
9018, 0. 0. 0 0. 0. 0;
9028, 0. 0. 0 0. 0. 0;
9038, 0. 0. 0 0. 0. 0;
9048, 0. 0. 0 0. 0. 0;
9058, 0. 0. 0 0. 0. 0;
9068, 0. 0. 0 0. 0. 0;
9078, 0. 0. 0 0. 0. 0;
9088, 0. 0. 0 0. 0. 0;
9098, 0. 0. 0 0. 0. 0;
9108, 0. 0. 0 0. 0. 0;
9118, 0. 0. 0 0. 0. 0;
9128, 0. 0. 0 0. 0. 0;
9138, 0. 0. 0 0. 0. 0;
9148, 0. 0. 0 0. 0. 0;
9158, 0. 0. 0 0. 0. 0;
9168, 0. 0. 0 0. 0. 0;
9178, 0. 0. 0 0. 0. 0;
9188, 0. 0. 0 0. 0. 0;
9198, 0. 0. 0 0. 0. 0;
9208, 0. 0. 0 0. 0. 0;
9218, 0. 0. 0 0. 0. 0;
9228, 0. 0. 0 0. 0. 0;
9238, 0. 0. 0 0. 0. 0;
9248, 0. 0. 0 0. 0. 0;
9258, 0. 0. 0 0. 0. 0;
9268, 0. 0. 0 0. 0. 0;
9278, 0. 0. 0 0. 0. 0;
9288, 0. 0. 0 0. 0. 0;
9298, 0. 0. 0 0. 0. 0;
9308, 0. 0. 0 0. 0. 0;
9318, 0. 0. 0 0. 0. 0;
9328, 0. 0. 0 0. 0. 0;
9338, 0. 0. 0 0. 0. 0;
9348, 0. 0. 0 0. 0. 0;
9358, 0. 0. 0 0. 0. 0;
9368, 0. 0. 0 0. 0. 0;
9378, 0. 0. 0 0. 0. 0;
9388, 0. 0. 0 0. 0. 0;
9398, 0. 0. 0 0. 0. 0;
9408, 0. 0. 0 0. 0. 0;
9418, 0. 0. 0 0. 0. 0;
9428, 0. 0. 0 0. 0. 0;
9438, 0. 0. 0 0. 0. 0;
9448, 0. 0. 0 0. 0. 0;
9458, 0. 0. 0 0. 0. 0;
9468, 0. 0. 0 0. 0. 0;
9478, 0. 0. 0 0. 0. 0;
9488, 0. 0. 0 0. 0. 0;
9498, 0. 0. 0 0. 0. 0;
9508, 0. 0. 0 0. 0. 0;
9518, 0. 0. 0 0. 0. 0;
9528, 0. 0. 0 0. 0. 0;
9538, 0. 0. 0 0. 0. 0;
9548, 0. 0. 0 0. 0. 0;
9558, 0. 0. 0 0. 0. 0;
9568, 0. 0. 0 0. 0. 0;
9578, 0. 0. 0 0. 0. 0;
9588, 0. 0. 0 0. 0. 0;
9598, 0. 0. 0 0. 0. 0;
9608, 0. 0. 0 0. 0. 0;
9618, 0. 0. 0 0. 0. 0;
9628, 0. 0. 0 0. 0. 0;
9638, 0. 0. 0 0. 0. 0;
9648, 0. 0. 0 0. 0. 0;
9658, 0. 0. 0 0. 0. 0;
9668, 0. 0. 0 0. 0. 0;
9678, 0. 0. 0 0. 0. 0;
9688, 0. 0. 0 0. 0. 0;
9698, 0. 0. 0 0. 0. 0;
9708, 0. 0. 0 0. 0. 0;
9718, 0. 0. 0 0. 0. 0;
9728, 0. 0. 0 0. 0. 0;
9738, 0. 0. 0 0. 0. 0;
9748, 0. 0. 0 0. 0. 0;
9758, 0. 0. 0 0. 0. 0;
9768, 0. 0. 0 0. 0. 0;
9778, 0. 0. 0 0. 0. 0;
9788, 0. 0. 0 0. 0. 0;
9798, 0. 0. 0 0. 0. 0;
9808, 0. 0. 0 0. 0. 0;
9818, 0. 0. 0 0. 0. 0;
9828, 0. 0. 0 0. 0. 0;
9838, 0. 0. 0 0. 0. 0;
9848, 0. 0. 0 0. 0. 0;
9858, 0. 0. 0 0. 0. 0;
9868, 0. 0. 0 0. 0. 0;
9878, 0. 0. 0 0. 0. 0;
9888, 0. 0. 0 0. 0. 0;
9898, 0. 0. 0 0. 0. 0;
9908, 0. 0. 0 0. 0. 0;
9918, 0. 0. 0 0. 0. 0;
9928, 0. 0. 0 0. 0. 0;
9938, 0. 0. 0 0. 0. 0;
9948, 0. 0. 0 0. 0. 0;
9958, 0. 0. 0 0. 0. 0;
9968, 0. 0. 0 0. 0. 0;
9978, 0. 0. 0 0. 0. 0;
9988, 0. 0. 0 0. 0. 0;
9998, 0. 0. 0 0. 0. 0;
10008, 0. 0. 0 0. 0. 0;
10018, 0. 0. 0 0. 0. 0;
10028, 0. 0. 0 0. 0. 0;
10038, 0. 0. 0 0. 0. 0;
10048, 0. 0. 0 0. 0. 0;
10058, 0. 0. 0 0. 0. 0;
10068, 0. 0. 0 0. 0. 0;
10078, 0. 0. 0 0. 0. 0;
10088, 0. 0. 0 0. 0. 0;
10098, 0. 0. 0 0. 0. 0;
10108, 0. 0. 0 0. 0. 0;
10118, 0. 0. 0 0. 0. 0;
10128, 0. 0. 0 0. 0. 0;
10138, 0. 0. 0 0. 0. 0;
10148, 0. 0. 0 0. 0. 0;
10158, 0. 0. 0 0. 0. 0;
10168, 0. 0. 0 0. 0. 0;
10178, 0. 0. 0 0. 0. 0;
10188, 0. 0. 0 0. 0. 0;
10198, 0.11875 0.65463 1 0. 0. 0;
10208, 0.11875 0.65463 1 0. 0. 0;
10218, 0.11875 0.65463 1 0. 0. 0;
10228, 0.11875 0.65463 1 0. 0. 0;
10238, 0.11875 0.65463 1 0. 0. 0;
10248, 0.11875 0.65463 1 0. 0. 0;
10258, 0.11875 0.65463 1 0. 0. 0;
10268, 0.11875 0.65463 1 0. 0. 0;
10278, 0.11875 0.65463 1 0. 0. 0;
10288, 0.11875 0.65463 1 0. 0. 0;
10298, 0.11875 0.65463 1 0. 0. 0;
10308, 0.11875 0.65463 1 0. 0. 0;
10318, 0.11875 0.65463 1 0. 0. 0;
10328, 0.11875 0.65463 1 0. 0. 0;
10338, 0.11875 0.65463 1 0. 0. 0;
10348, 0.11875 0.65463 1 0. 0. 0;
10358, 0.11875 0.65463 1 0. 0. 0;
10368, 0.11875 0.65463 1 0. 0. 0;
10378, 0.11875 0.65463 1 0. 0. 0;
10388, 0.11875 0.65463 1 0. 0. 0;
10398, 0.11875 0.65463 1 0.117867 0.609333 1;
10408, 0.11875 0.65463 1 0.117867 0.609333 1;
10418, 0.11875 0.65463 1 0.117867 0.609333 1;
10428, 0.11875 0.65463 1 0.117867 0.609333 1;
10438, 0.11875 0.65463 1 0.117867 0.609333 1;
10448, 0.11875 0.65463 1 0.117867 0.609333 1;
10458, 0.11875 0.65463 1 0.117867 0.609333 1;
10468, 0.11875 0.65463 1 0.117867 0.609333 1;
10478, 0.11875 0.65463 1 0.117867 0.609333 1;
10488, 0.11875 0.65463 1 0.117867 0.609333 1;
10498, 0.11875 0.65463 1 0.117867 0.609333 1;
10508, 0.11875 0.65463 1 0.117867 0.609333 1;
10518, 0.11875 0.65463 1 0.117867 0.609333 1;
10528, 0.11875 0.65463 1 0.117867 0.609333 1;
10538, 0.11875 0.65463 1 0.117867 0.609333 1;
10548, 0.11875 0.65463 1 0.117867 0.609333 1;
10558, 0.11875 0.65463 1 0.117867 0.609333 1;
10568, 0.11875 0.65463 1 0.117867 0.609333 1;
10578, 0.11875 0.65463 1 0.117867 0.609333 1;
10588, 0.11875 0.65463 1 0.117867 0.609333 1;
10598, 0.11875 0.65463 1 0.117867 0.609333 1;
10608, 0.11875 0.65463 1 0.117867 0.609333 1;
10618, 0.11875 0.65463 1 0.117867 0.609333 1;
10628, 0.11875 0.65463 1 0.117867 0.609333 1;
10638, 0.11875 0.65463 1 0.117867 0.609333 1;
10648, 0.11875 0.65463 1 0.117867 0.609333 1;
10658, 0.11875 0.65463 1 0.117867 0.609333 1;
10668, 0.11875 0.65463 1 0.117867 0.609333 1;
10678, 0.11875 0.65463 1 0.117867 0.609333 1;
10688, 0.11875 0.65463 1 0.117867 0.609333 1;
10698, 0.11875 0.65463 1 0.117867 0.609333 1;
10708, 0.11875 0.65463 1 0.117867 0.609333 1;
10718, 0.11875 0.65463 1 0.117867 0.609333 1;
10728, 0.11875 0.65463 1 0.117867 0.609333 1;
10738, 0.11875 0.65463 1 0.117867 0.609333 1;
10748, 0.11875 0.65463 1 0.117867 0.609333 1;
10758, 0.11875 0.65463 1 0.117867 0.609333 1;
10768, 0.11875 0.65463 1 0.117867 0.609333 1;
10778, 0.11875 0.65463 1 0.117867 0.609333 1;
10788, 0.11875 0.65463 1 0.117867 0.609333 1;
10798, 0.11875 0.65463 1 0.117867 0.609333 1;
10808, 0.11875 0.65463 1 0.117867 0.609333 1;
10818, 0.11875 0.65463 1 0.117867 0.609333 1;
10828, 0.11875 0.65463 1 0.117867 0.609333 1;
10838, 0.11875 0.65463 1 0.117867 0.609333 1;
10848, 0.11875 0.65463 1 0.117867 0.609333 1;
10858, 0.11875 0.65463 1 0.117867 0.609333 1;
10868, 0.11875 0.65463 1 0.117867 0.609333 1;
10878, 0.11875 0.65463 1 0.117867 0.609333 1;
10888, 0.11875 0.65463 1 0.117867 0.609333 1;
10898, 0.11875 0.65463 1 0.117867 0.609333 1;
10908, 0.11875 0.65463 1 0.117867 0.609333 1;
10918, 0.11875 0.65463 1 0.117867 0.609333 1;
10928, 0.11875 0.65463 1 0.117867 0.609333 1;
10938, 0.11875 0.65463 1 0.117867 0.609333 1;
10948, 0.11875 0.65463 1 0.117867 0.609333 1;
10958, 0.120312 0.657407 1 0.117867 0.609333 1;
10968, 0.120312 0.657407 1 0.117867 0.609333 1;
10978, 0.120312 0.657407 1 0.117867 0.609333 1;
10988, 0.120312 0.657407 1 0.117867 0.609333 1;
10998, 0.120312 0.657407 1 0.117867 0.609333 1;
11008, 0.120833 0.658333 1 0.117867 0.609333 1;
11018, 0.120833 0.658333 1 0.117867 0.609333 1;
11028, 0.121354 0.659259 1 0.117867 0.609333 1;
11038, 0.121354 0.659259 1 0.117867 0.609333 1;
11048, 0.121354 0.659259 1 0.117867 0.609333 1;
11058, 0.121875 0.660185 1 0.117867 0.609333 1;
11068, 0.121875 0.660185 1 0.119565 0.609333 1;
11078, 0.122396 0.661111 1 0.119565 0.609333 1;
11088, 0.123438 0.662037 1 0.120414 0.610394 1;
11098, 0.123438 0.662037 1 0.120414 0.610394 1;
11108, 0.123958 0.662037 1 0.121264 0.610394 1;
11118, 0.124479 0.662963 1 0.122113 0.611456 1;
11128, 0.125521 0.664815 1 0.122962 0.611456 1;
11138, 0.126042 0.665741 1 0.122962 0.611456 1;
11148, 0.126563 0.665741 1 0.123811 0.612517 1;
11158, 0.127083 0.666667 1 0.123811 0.612517 1;
11168, 0.127604 0.667593 1 0.12551 0.613578 1;
11178, 0.128646 0.669444 1 0.127208 0.61464 1;
11188, 0.128646 0.669444 1 0.127208 0.61464 1;
11198, 0.129688 0.67037 1 0.127208 0.61464 1;
11208, 0.130208 0.671296 1 0.127208 0.61464 1;
11218, 0.131771 0.673148 1 0.129755 0.616763 1;
11228, 0.132292 0.674074 1 0.129755 0.616763 1;
11238, 0.133333 0.675 1 0.129755 0.616763 1;
11248, 0.133854 0.675926 1 0.133152 0.617824 1;
11258, 0.134896 0.676852 1 0.133152 0.617824 1;
11268, 0.135937 0.677778 1 0.134001 0.617824 1;
11278, 0.1375 0.678704 1 0.134851 0.617824 1;
11288, 0.138021 0.67963 1 0.1357 0.618886 1;
11298, 0.139583 0.680556 1 0.1357 0.618886 1;
11308, 0.140104 0.680556 1 0.137398 0.618886 1;
11318, 0.142188 0.681481 1 0.139096 0.619947 1;
11328, 0.142708 0.682407 1 0.139096 0.619947 1;
11338, 0.144271 0.682407 1 0.140795 0.621009 1;
11348, 0.146354 0.683333 1 0.141644 0.621009 1;
11358, 0.147396 0.683333 1 0.142493 0.62207 1;
11368, 0.148958 0.684259 1 0.142493 0.62207 1;
11378, 0.149479 0.684259 1 0.143342 0.62207 1;
11388, 0.151562 0.685185 1 0.143342 0.62207 1;
11398, 0.152083 0.685185 1 0.144192 0.623132 1;
11408, 0.154167 0.685185 1 0.145041 0.624193 1;
11418, 0.15625 0.686111 1 0.14589 0.624193 1;
11428, 0.157292 0.686111 1 0.14589 0.624193 1;
11438, 0.160417 0.685185 1 0.146739 0.625255 1;
11448, 0.160417 0.685185 1 0.147588 0.626316 1;
11458, 0.1625 0.685185 1 0.148438 0.627378 1;
11468, 0.164583 0.685185 1 0.149287 0.628439 1;
11478, 0.166146 0.684259 1 0.149287 0.628439 1;
11488, 0.167708 0.684259 1 0.150136 0.628439 1;
11498, 0.16875 0.683333 1 0.150136 0.629501 1;
11508, 0.170833 0.682407 1 0.150136 0.629501 1;
11518, 0.172917 0.681481 1 0.151834 0.630562 1;
11528, 0.173958 0.681481 1 0.151834 0.630562 1;
11538, 0.176563 0.67963 1 0.153533 0.632685 1;
11548, 0.176563 0.67963 1 0.153533 0.632685 1;
11558, 0.178125 0.677778 1 0.154382 0.633747 1;
11568, 0.178646 0.676852 1 0.154382 0.633747 1;
11578, 0.180729 0.675 1 0.154382 0.633747 1;
11588, 0.18125 0.674074 1 0.155231 0.634808 1;
11598, 0.182812 0.672222 1 0.155231 0.634808 1;
11608, 0.183854 0.67037 1 0.15608 0.63587 1;
11618, 0.184375 0.67037 1 0.156929 0.636931 1;
11628, 0.185417 0.668519 1 0.156929 0.636931 1;
11638, 0.186458 0.666667 1 0.156929 0.637993 1;
11648, 0.186979 0.665741 1 0.157779 0.639054 1;
11658, 0.188021 0.663889 1 0.158628 0.639054 1;
11668, 0.188542 0.662963 1 0.158628 0.639054 1;
11678, 0.189583 0.660185 1 0.158628 0.640115 1;
11688, 0.189583 0.658333 1 0.159477 0.641177 1;
11698, 0.190104 0.657407 1 0.159477 0.641177 1;
11708, 0.190625 0.655556 1 0.159477 0.641177 1;
11718, 0.190625 0.65463 1 0.160326 0.642238 1;
11728, 0.190625 0.652778 1 0.161175 0.6433 1;
11738, 0.191146 0.651852 1 0.161175 0.6433 1;
11748, 0.191146 0.65 1 0.161175 0.6433 1;
11758, 0.191146 0.65 1 0.161175 0.6433 1;
11768, 0.191146 0.649074 1 0.161175 0.6433 1;
11778, 0.190625 0.647222 1 0.161175 0.644361 1;
11788, 0.190625 0.647222 1 0.161175 0.644361 1;
11798, 0.190625 0.646296 1 0.161175 0.644361 1;
11808, 0.190104 0.644444 1 0.161175 0.644361 1;
11818, 0.190104 0.644444 1 0.161175 0.644361 1;
11828, 0.189583 0.643519 1 0.161175 0.644361 1;
11838, 0.189583 0.643519 1 0.161175 0.644361 1;
11848, 0.189583 0.643519 1 0.161175 0.644361 1;
11858, 0.189063 0.642593 1 0.161175 0.644361 1;
11868, 0.189063 0.642593 1 0.161175 0.644361 1;
11878, 0.188542 0.641667 1 0.161175 0.644361 1;
11888, 0.188542 0.641667 1 0.161175 0.642238 1;
11898, 0.1875 0.640741 1 0.161175 0.642238 1;
11908, 0.1875 0.640741 1 0.161175 0.642238 1;
11918, 0.186979 0.640741 1 0.161175 0.641177 1;
11928, 0.186458 0.640741 1 0.161175 0.641177 1;
11938, 0.186458 0.640741 1 0.161175 0.641177 1;
11948, 0.185417 0.639815 1 0.161175 0.641177 1;
11958, 0.185417 0.639815 1 0.161175 0.641177 1;
11968, 0.185417 0.639815 1 0.161175 0.640115 1;
11978, 0.184896 0.639815 1 0.161175 0.640115 1;
11988, 0.183854 0.639815 1 0.161175 0.640115 1;
11998, 0.183854 0.639815 1 0.161175 0.640115 1;
12008, 0.182812 0.638889 1 0.161175 0.640115 1;
12018, 0.182812 0.638889 1 0.160326 0.639054 1;
12028, 0.182292 0.638889 1 0.160326 0.639054 1;
12038, 0.182292 0.638889 1 0.160326 0.637993 1;
12048, 0.181771 0.638889 1 0.159477 0.636931 1;
12058, 0.180729 0.638889 1 0.159477 0.63587 1;
12068, 0.180208 0.637963 1 0.159477 0.63587 1;
12078, 0.179167 0.637963 1 0.158628 0.632685 1;
12088, 0.178646 0.637963 1 0.157779 0.631624 1;
12098, 0.178646 0.637963 1 0.157779 0.631624 1;
12108, 0.177604 0.637037 1 0.156929 0.627378 1;
12118, 0.177083 0.633333 1 0.156929 0.627378 1;
12128, 0.176042 0.630556 1 0.156929 0.625255 1;
12138, 0.175521 0.628704 1 0.15608 0.62207 1;
12148, 0.174479 0.626852 1 0.155231 0.619947 1;
12158, 0.173958 0.625926 1 0.155231 0.616763 1;
12168, 0.173958 0.625926 1 0.154382 0.615701 1;
12178, 0.172396 0.624074 1 0.154382 0.612517 1;
12188, 0.171354 0.623148 1 0.153533 0.610394 1;
12198, 0.170833 0.623148 1 0.153533 0.609333 1;
12208, 0.169792 0.622222 1 0.152683 0.606148 1;
12218, 0.169792 0.622222 1 0.152683 0.604025 1;
12228, 0.169271 0.622222 1 0.152683 0.604025 1;
12238, 0.169271 0.622222 1 0.151834 0.599779 1;
12248, 0.167187 0.621296 1 0.151834 0.599779 1;
12258, 0.166667 0.62037 1 0.150985 0.598718 1;
12268, 0.166667 0.62037 1 0.150985 0.596595 1;
12278, 0.165625 0.62037 1 0.150136 0.594472 1;
12288, 0.164583 0.619444 1 0.150136 0.594472 1;
12298, 0.164062 0.619444 1 0.149287 0.591287 1;
12308, 0.163542 0.618519 1 0.149287 0.591287 1;
12318, 0.1625 0.617593 1 0.149287 0.590226 1;
12328, 0.161979 0.617593 1 0.148438 0.588103 1;
12338, 0.160417 0.615741 1 0.148438 0.587041 1;
12348, 0.160417 0.615741 1 0.148438 0.584918 1;
12358, 0.159896 0.614815 1 0.148438 0.583857 1;
12368, 0.159375 0.614815 1 0.148438 0.583857 1;
12378, 0.158333 0.612963 1 0.147588 0.580673 1;
12388, 0.157813 0.612037 1 0.147588 0.579611 1;
12398, 0.157813 0.612037 1 0.146739 0.57855 1;
12408, 0.156771 0.612037 1 0.146739 0.576427 1;
12418, 0.15625 0.611111 1 0.146739 0.576427 1;
12428, 0.155729 0.610185 1 0.14589 0.573242 1;
12438, 0.154687 0.609259 1 0.14589 0.573242 1;
12448, 0.154687 0.609259 1 0.145041 0.571119 1;
12458, 0.154167 0.608333 1 0.145041 0.570058 1;
12468, 0.154167 0.608333 1 0.145041 0.570058 1;
12478, 0.153646 0.607407 1 0.145041 0.570058 1;
12488, 0.152604 0.607407 1 0.144192 0.566873 1;
12498, 0.152604 0.607407 1 0.144192 0.566873 1;
12508, 0.152083 0.606481 1 0.144192 0.565812 1;
12518, 0.152083 0.606481 1 0.144192 0.56475 1;
12528, 0.151562 0.605556 1 0.143342 0.563689 1;
12538, 0.151562 0.605556 1 0.143342 0.562627 1;
12548, 0.151562 0.605556 1 0.143342 0.561566 1;
12558, 0.151042 0.60463 1 0.143342 0.561566 1;
12568, 0.151042 0.60463 1 0.142493 0.559443 1;
12578, 0.150521 0.603704 1 0.142493 0.558381 1;
12588, 0.150521 0.603704 1 0.142493 0.558381 1;
12598, 0.15 0.602778 1 0.142493 0.55732 1;
12608, 0.15 0.602778 1 0.142493 0.55732 1;
12618, 0.15 0.602778 1 0.141644 0.556258 1;
12628, 0.148958 0.601852 1 0.141644 0.556258 1;
12638, 0.148958 0.601852 1 0.140795 0.554136 1;
12648, 0.148958 0.601852 1 0.140795 0.554136 1;
12658, 0.148438 0.600926 1 0.140795 0.554136 1;
12668, 0.148438 0.600926 1 0.140795 0.552013 1;
12678, 0.148438 0.600926 1 0.140795 0.550951 1;
12688, 0.148438 0.600926 1 0.140795 0.550951 1;
12698, 0.147917 0.6 1 0.139946 0.54989 1;
12708, 0.147917 0.6 1 0.139946 0.548828 1;
12718, 0.147917 0.6 1 0.139946 0.548828 1;
12728, 0.147396 0.599074 1 0.139096 0.547767 1;
12738, 0.147396 0.599074 1 0.139096 0.547767 1;
12748, 0.147396 0.599074 1 0.138247 0.546705 1;
12758, 0.146875 0.598148 1 0.138247 0.546705 1;
12768, 0.146875 0.598148 1 0.138247 0.545644 1;
12778, 0.146875 0.598148 1 0.137398 0.544582 1;
12788, 0.146354 0.597222 1 0.137398 0.543521 1;
12798, 0.146354 0.597222 1 0.137398 0.543521 1;
12808, 0.146354 0.597222 1 0.136549 0.542459 1;
12818, 0.145833 0.597222 1 0.136549 0.542459 1;
12828, 0.145833 0.597222 1 0.136549 0.540336 1;
12838, 0.145833 0.597222 1 0.136549 0.539275 1;
12848, 0.145313 0.59537 1 0.136549 0.539275 1;
12858, 0.145313 0.59537 1 0.1357 0.538213 1;
12868, 0.145313 0.59537 1 0.1357 0.538213 1;
12878, 0.144792 0.594444 1 0.1357 0.537152 1;
12888, 0.144792 0.594444 1 0.134851 0.53609 1;
12898, 0.144271 0.593518 1 0.134001 0.535029 1;
12908, 0.144271 0.593518 1 0.134001 0.535029 1;
12918, 0.14375 0.592593 1 0.134001 0.533967 1;
12928, 0.14375 0.592593 1 0.133152 0.532906 1;
12938, 0.143229 0.591667 1 0.133152 0.531844 1;
12948, 0.143229 0.591667 1 0.133152 0.531844 1;
12958, 0.142708 0.590741 1 0.133152 0.531844 1;
12968, 0.142708 0.590741 1 0.132303 0.530783 1;
12978, 0.142708 0.590741 1 0.132303 0.529721 1;
12988, 0.142188 0.589815 1 0.132303 0.529721 1;
12998, 0.142188 0.589815 1 0.132303 0.529721 1;
13008, 0.141667 0.588889 1 0.131454 0.52866 1;
13018, 0.141667 0.588889 1 0.131454 0.52866 1;
13028, 0.141146 0.587037 1 0.131454 0.527599 1;
13038, 0.141146 0.587037 1 0.131454 0.527599 1;
13048, 0.141146 0.587037 1 0.131454 0.527599 1;
13058, 0.140625 0.586111 1 0.130605 0.526537 1;
13068, 0.140625 0.586111 1 0.130605 0.526537 1;
13078, 0.140104 0.585185 1 0.130605 0.526537 1;
13088, 0.140104 0.585185 1 0.130605 0.526537 1;
13098, 0.139583 0.584259 1 0.130605 0.526537 1;
13108, 0.139583 0.584259 1 0.130605 0.526537 1;
13118, 0.139062 0.583333 1 0.130605 0.526537 1;
13128, 0.139062 0.582407 1 0.130605 0.526537 1;
13138, 0.139062 0.582407 1 0.130605 0.526537 1;
13148, 0.138542 0.581481 1 0.130605 0.526537 1;
13158, 0.138021 0.57963 1 0.130605 0.526537 1;
13168, 0.1375 0.578704 1 0.130605 0.526537 1;
13178, 0.136458 0.575926 1 0.130605 0.526537 1;
13188, 0.136458 0.575926 1 0.130605 0.526537 1;
13198, 0.135937 0.575 1 0.130605 0.526537 1;
13208, 0.135937 0.573148 1 0.130605 0.526537 1;
13218, 0.135417 0.57037 1 0.130605 0.526537 1;
13228, 0.135417 0.57037 1 0.130605 0.526537 1;
13238, 0.134896 0.567593 1 0.130605 0.526537 1;
13248, 0.134896 0.567593 1 0.130605 0.526537 1;
13258, 0.134375 0.563889 1 0.130605 0.526537 1;
13268, 0.134375 0.563889 1 0.130605 0.526537 1;
13278, 0.133854 0.561111 1 0.130605 0.526537 1;
13288, 0.133854 0.559259 1 0.130605 0.526537 1;
13298, 0.133333 0.557407 1 0.130605 0.526537 1;
13308, 0.133333 0.55463 1 0.130605 0.526537 1;
13318, 0.132812 0.553704 1 0.130605 0.526537 1;
13328, 0.132812 0.550926 1 0.130605 0.526537 1;
13338, 0.132812 0.550926 1 0.130605 0.526537 1;
13348, 0.132292 0.547222 1 0.130605 0.526537 1;
13358, 0.132292 0.544444 1 0.130605 0.526537 1;
13368, 0.132292 0.542593 1 0.130605 0.526537 1;
13378, 0.131771 0.539815 1 0.130605 0.526537 1;
13388, 0.131771 0.537037 1 0.130605 0.526537 1;
13398, 0.131771 0.535185 1 0.130605 0.526537 1;
13408, 0.13125 0.532407 1 0.130605 0.526537 1;
13418, 0.13125 0.531482 1 0.130605 0.526537 1;
13428, 0.13125 0.527778 1 0.130605 0.526537 1;
13438, 0.13125 0.527778 1 0.130605 0.526537 1;
13448, 0.130729 0.524074 1 0.130605 0.526537 1;
13458, 0.130729 0.523148 1 0.130605 0.526537 1;
13468, 0.130729 0.521296 1 0.130605 0.526537 1;
13478, 0.130208 0.519444 1 0.130605 0.526537 1;
13488, 0.130208 0.518519 1 0.130605 0.526537 1;
13498, 0.130208 0.516667 1 0.130605 0.526537 1;
13508, 0.130208 0.515741 1 0.130605 0.526537 1;
13518, 0.130208 0.515741 1 0.130605 0.526537 1;
13528, 0.129688 0.513889 1 0.130605 0.526537 1;
13538, 0.129688 0.512963 1 0.130605 0.526537 1;
13548, 0.129688 0.511111 1 0.130605 0.526537 1;
13558, 0.129688 0.511111 1 0.130605 0.526537 1;
13568, 0.129688 0.509259 1 0.130605 0.526537 1;
13578, 0.129688 0.508333 1 0.130605 0.526537 1;
13588, 0.129688 0.507407 1 0.130605 0.526537 1;
13598, 0.129688 0.505556 1 0.130605 0.526537 1;
13608, 0.129688 0.505556 1 0.130605 0.526537 1;
13618, 0.129688 0.50463 1 0.130605 0.526537 1;
13628, 0.129688 0.50463 1 0.130605 0.526537 1;
13638, 0.129688 0.502778 1 0.130605 0.526537 1;
13648, 0.129688 0.501852 1 0.130605 0.526537 1;
13658, 0.129688 0.501852 1 0.130605 0.526537 1;
13668, 0.129167 0.5 1 0.130605 0.526537 1;
13678, 0.129167 0.499074 1 0.130605 0.526537 1;
13688, 0.129167 0.499074 1 0.130605 0.526537 1;
13698, 0.129167 0.497222 1 0.130605 0.526537 1;
13708, 0.129167 0.496296 1 0.130605 0.526537 1;
13718, 0.129167 0.496296 1 0.130605 0.526537 1;
13728, 0.129167 0.49537 1 0.130605 0.526537 1;
13738, 0.129167 0.49537 1 0.130605 0.526537 1;
13748, 0.129167 0.493519 1 0.130605 0.526537 1;
13758, 0.129167 0.491667 1 0.130605 0.526537 1;
13768, 0.129167 0.491667 1 0.130605 0.526537 1;
13778, 0.129167 0.490741 1 0.130605 0.526537 1;
13788, 0.129167 0.490741 1 0.130605 0.526537 1;
13798, 0.129167 0.489815 1 0.130605 0.526537 1;
13808, 0.128646 0.487963 1 0.130605 0.526537 1;
13818, 0.128646 0.487963 1 0.130605 0.526537 1;
13828, 0.128646 0.487037 1 0.130605 0.526537 1;
13838, 0.128646 0.487037 1 0.130605 0.526537 1;
13848, 0.128646 0.485185 1 0.130605 0.526537 1;
13858, 0.128646 0.484259 1 0.130605 0.526537 1;
13868, 0.128646 0.484259 1 0.130605 0.526537 1;
13878, 0.128646 0.482407 1 0.130605 0.526537 1;
13888, 0.128646 0.481481 1 0.130605 0.526537 1;
13898, 0.128646 0.481481 1 0.130605 0.526537 1;
13908, 0.128646 0.480556 1 0.130605 0.526537 1;
13918, 0.128646 0.478704 1 0.130605 0.526537 1;
13928, 0.128646 0.478704 1 0.130605 0.526537 1;
13938, 0.128646 0.478704 1 0.130605 0.526537 1;
13948, 0.128125 0.475926 1 0.130605 0.526537 1;
13958, 0.128125 0.475926 1 0.130605 0.526537 1;
13968, 0.128125 0.474074 1 0.130605 0.526537 1;
13978, 0.128125 0.473148 1 0.130605 0.526537 1;
13988, 0.128125 0.473148 1 0.130605 0.526537 1;
13998, 0.128125 0.472222 1 0.130605 0.526537 1;
14008, 0.128125 0.472222 1 0.130605 0.526537 1;
14018, 0.128125 0.47037 1 0.130605 0.526537 1;
14028, 0.128125 0.468519 1 0.130605 0.526537 1;
14038, 0.128125 0.467593 1 0.130605 0.526537 1;
14048, 0.128125 0.465741 1 0.130605 0.526537 1;
14058, 0.128125 0.465741 1 0.130605 0.526537 1;
14068, 0.128125 0.463889 1 0.130605 0.526537 1;
14078, 0.128125 0.462963 1 0.130605 0.526537 1;
14088, 0.128125 0.461111 1 0.130605 0.526537 1;
14098, 0.127604 0.460185 1 0.130605 0.526537 1;
14108, 0.127604 0.458333 1 0.130605 0.526537 1;
14118, 0.127604 0.456481 1 0.130605 0.526537 1;
14128, 0.127604 0.456481 1 0.130605 0.526537 1;
14138, 0.127604 0.455556 1 0.130605 0.526537 1;
14148, 0.127604 0.453704 1 0.130605 0.526537 1;
14158, 0.127604 0.453704 1 0.130605 0.526537 1;
14168, 0.127604 0.452778 1 0.130605 0.526537 1;
14178, 0.127083 0.450926 1 0.130605 0.526537 1;
14188, 0.127083 0.450926 1 0.130605 0.526537 1;
14198, 0.127083 0.45 1 0.130605 0.526537 1;
14208, 0.127083 0.448148 1 0.130605 0.526537 1;
14218, 0.127083 0.447222 1 0.130605 0.526537 1;
14228, 0.127083 0.447222 1 0.130605 0.526537 1;
14238, 0.127083 0.44537 1 0.130605 0.526537 1;
14248, 0.127083 0.44537 1 0.130605 0.526537 1;
14258, 0.127083 0.444444 1 0.130605 0.526537 1;
14268, 0.127083 0.442593 1 0.130605 0.526537 1;
14278, 0.127083 0.442593 1 0.130605 0.526537 1;
14288, 0.126563 0.441667 1 0.130605 0.526537 1;
14298, 0.126563 0.441667 1 0.130605 0.526537 1;
14308, 0.126563 0.439815 1 0.130605 0.526537 1;
14318, 0.126563 0.438889 1 0.130605 0.526537 1;
14328, 0.126563 0.437037 1 0.130605 0.526537 1;
14338, 0.126563 0.437037 1 0.130605 0.526537 1;
14348, 0.126563 0.436111 1 0.130605 0.526537 1;
14358, 0.126563 0.434259 1 0.130605 0.526537 1;
14368, 0.126563 0.434259 1 0.130605 0.526537 1;
14378, 0.126563 0.433333 1 0.130605 0.526537 1;
14388, 0.126563 0.432407 1 0.130605 0.526537 1;
14398, 0.126563 0.432407 1 0.130605 0.526537 1;
14408, 0.126563 0.430556 1 0.130605 0.526537 1;
14418, 0.126563 0.42963 1 0.130605 0.526537 1;
14428, 0.126563 0.42963 1 0.130605 0.526537 1;
14438, 0.126563 0.427778 1 0.130605 0.526537 1;
14448, 0.126563 0.427778 1 0.130605 0.526537 1;
14458, 0.126563 0.426852 1 0.130605 0.526537 1;
14468, 0.126042 0.425 1 0.130605 0.526537 1;
14478, 0.126042 0.425 1 0.130605 0.526537 1;
14488, 0.126563 0.424074 1 0.130605 0.526537 1;
14498, 0.126042 0.423148 1 0.130605 0.526537 1;
14508, 0.126042 0.423148 1 0.130605 0.526537 1;
14518, 0.126042 0.421296 1 0.130605 0.526537 1;
14528, 0.126042 0.421296 1 0.130605 0.526537 1;
14538, 0.126042 0.421296 1 0.130605 0.526537 1;
14548, 0.126042 0.42037 1 0.130605 0.526537 1;
14558, 0.126042 0.418519 1 0.130605 0.526537 1;
14568, 0.126042 0.418519 1 0.130605 0.526537 1;
14578, 0.126042 0.417593 1 0.130605 0.526537 1;
14588, 0.126042 0.415741 1 0.130605 0.526537 1;
14598, 0.126042 0.415741 1 0.130605 0.526537 1;
14608, 0.126042 0.414815 1 0.130605 0.526537 1;
14618, 0.126042 0.414815 1 0.130605 0.526537 1;
14628, 0.126042 0.414815 1 0.130605 0.526537 1;
14638, 0.126042 0.413889 1 0.130605 0.526537 1;
14648, 0.126042 0.413889 1 0.130605 0.526537 1;
14658, 0.126042 0.412037 1 0.130605 0.526537 1;
14668, 0.126042 0.412037 1 0.130605 0.526537 1;
14678, 0.126042 0.411111 1 0.130605 0.526537 1;
14688, 0.126042 0.411111 1 0.130605 0.526537 1;
14698, 0.126042 0.410185 1 0.130605 0.526537 1;
14708, 0.126042 0.410185 1 0.130605 0.526537 1;
14718, 0.126042 0.408333 1 0.130605 0.526537 1;
14728, 0.126042 0.408333 1 0.130605 0.526537 1;
14738, 0.126042 0.407407 1 0.130605 0.526537 1;
14748, 0.126042 0.407407 1 0.130605 0.526537 1;
14758, 0.126042 0.405556 1 0.130605 0.526537 1;
14768, 0.126042 0.405556 1 0.130605 0.526537 1;
14778, 0.126042 0.405556 1 0.130605 0.526537 1;
14788, 0.126042 0.40463 1 0.130605 0.526537 1;
14798, 0.126042 0.40463 1 0.130605 0.526537 1;
14808, 0.126042 0.402778 1 0.130605 0.526537 1;
14818, 0.126042 0.402778 1 0.130605 0.526537 1;
14828, 0.126042 0.402778 1 0.130605 0.526537 1;
14838, 0.126042 0.401852 1 0.130605 0.526537 1;
14848, 0.126042 0.401852 1 0.130605 0.526537 1;
14858, 0.126042 0.400926 1 0.130605 0.526537 1;
14868, 0.126042 0.400926 1 0.130605 0.526537 1;
14878, 0.126042 0.400926 1 0.130605 0.526537 1;
14888, 0.126042 0.400926 1 0.130605 0.526537 1;
14898, 0.126042 0.399074 1 0.130605 0.526537 1;
14908, 0.126042 0.399074 1 0.130605 0.526537 1;
14918, 0.125521 0.398148 1 0.130605 0.526537 1;
14928, 0.125521 0.398148 1 0.130605 0.526537 1;
14938, 0.125521 0.398148 1 0.130605 0.526537 1;
14948, 0.125521 0.396296 1 0.130605 0.526537 1;
14958, 0.125521 0.396296 1 0.130605 0.526537 1;
14968, 0.125521 0.39537 1 0.130605 0.526537 1;
14978, 0.125521 0.39537 1 0.130605 0.526537 1;
14988, 0.125521 0.393519 1 0.130605 0.526537 1;
14998, 0.125521 0.393519 1 0.130605 0.526537 1;
15008, 0.125521 0.393519 1 0.130605 0.526537 1;
15018, 0.125521 0.392593 1 0.130605 0.526537 1;
15028, 0.125521 0.392593 1 0.130605 0.526537 1;
15038, 0.125521 0.392593 1 0.130605 0.526537 1;
15048, 0.125521 0.391667 1 0.130605 0.526537 1;
15058, 0.125521 0.391667 1 0.130605 0.526537 1;
15068, 0.125521 0.391667 1 0.130605 0.526537 1;
15078, 0.125521 0.389815 1 0.130605 0.526537 1;
15088, 0.125521 0.389815 1 0.130605 0.526537 1;
15098, 0.125521 0.389815 1 0.130605 0.526537 1;
15108, 0.125521 0.388889 1 0.130605 0.526537 1;
15118, 0.125521 0.388889 1 0.130605 0.526537 1;
15128, 0.125521 0.388889 1 0.130605 0.526537 1;
15138, 0.125521 0.388889 1 0.130605 0.526537 1;
15148, 0.125521 0.387037 1 0.130605 0.526537 1;
15158, 0.125521 0.387037 1 0.130605 0.526537 1;
15168, 0.125521 0.386111 1 0.130605 0.526537 1;
15178, 0.125521 0.386111 1 0.130605 0.526537 1;
15188, 0.125521 0.386111 1 0.130605 0.526537 1;
15198, 0.125521 0.385185 1 0.130605 0.526537 1;
15208, 0.125521 0.385185 1 0.130605 0.526537 1;
15218, 0.125521 0.383333 1 0.130605 0.526537 1;
15228, 0.125521 0.383333 1 0.130605 0.526537 1;
15238, 0.125521 0.383333 1 0.130605 0.526537 1;
15248, 0.125521 0.383333 1 0.130605 0.526537 1;
15258, 0.125521 0.382407 1 0.130605 0.526537 1;
15268, 0.125521 0.382407 1 0.130605 0.526537 1;
15278, 0.125521 0.382407 1 0.130605 0.526537 1;
15288, 0.125521 0.381481 1 0.130605 0.526537 1;
15298, 0.125521 0.381481 1 0.130605 0.526537 1;
15308, 0.125521 0.381481 1 0.130605 0.526537 1;
15318, 0.125521 0.37963 1 0.130605 0.526537 1;
15328, 0.125521 0.37963 1 0.130605 0.526537 1;
15338, 0.125521 0.37963 1 0.130605 0.526537 1;
15348, 0.125521 0.37963 1 0.130605 0.526537 1;
15358, 0.125521 0.37963 1 0.130605 0.526537 1;
15368, 0.125521 0.37963 1 0.130605 0.526537 1;
15378, 0.125521 0.378704 1 0.130605 0.526537 1;
15388, 0.125521 0.378704 1 0.130605 0.526537 1;
15398, 0.125521 0.378704 1 0.130605 0.526537 1;
15408, 0.125521 0.378704 1 0.130605 0.526537 1;
15418, 0.125521 0.378704 1 0.130605 0.526537 1;
15428, 0.125521 0.377778 1 0.130605 0.526537 1;
15438, 0.125521 0.377778 1 0.130605 0.526537 1;
15448, 0.125521 0.377778 1 0.130605 0.526537 1;
15458, 0.125521 0.377778 1 0.130605 0.526537 1;
15468, 0.125521 0.377778 1 0.130605 0.526537 1;
15478, 0.125521 0.377778 1 0.130605 0.526537 1;
15488, 0.125521 0.377778 1 0.130605 0.526537 1;
15498, 0.125521 0.375926 1 0.130605 0.526537 1;
15508, 0.125521 0.375926 1 0.130605 0.526537 1;
15518, 0.125521 0.375926 1 0.130605 0.526537 1;
15528, 0.125521 0.375926 1 0.130605 0.526537 1;
15538, 0.125521 0.375926 1 0.130605 0.526537 1;
15548, 0.125521 0.375926 1 0.130605 0.526537 1;
15558, 0.125521 0.375926 1 0.130605 0.526537 1;
15568, 0.125521 0.375926 1 0.130605 0.526537 1;
15578, 0.125521 0.375926 1 0.130605 0.526537 1;
15588, 0.125521 0.375926 1 0.130605 0.526537 1;
15598, 0.125521 0.375926 1 0.130605 0.526537 1;
15608, 0.126042 0.376852 1 0.130605 0.526537 1;
15618, 0.126042 0.376852 1 0.130605 0.526537 1;
15628, 0.126042 0.376852 1 0.130605 0.526537 1;
15638, 0.126042 0.376852 1 0.130605 0.526537 1;
15648, 0.126042 0.376852 1 0.130605 0.526537 1;
15658, 0.126563 0.377778 1 0.130605 0.526537 1;
15668, 0.126563 0.377778 1 0.130605 0.526537 1;
15678, 0.126563 0.377778 1 0.130605 0.526537 1;
15688, 0.126563 0.377778 1 0.130605 0.526537 1;
15698, 0.126563 0.377778 1 0.130605 0.526537 1;
15708, 0.126563 0.377778 1 0.130605 0.526537 1;
15718, 0.126563 0.377778 1 0.130605 0.526537 1;
15728, 0.127083 0.378704 1 0.130605 0.526537 1;
15738, 0.127083 0.378704 1 0.130605 0.526537 1;
15748, 0.127083 0.378704 1 0.130605 0.526537 1;
15758, 0.127083 0.378704 1 0.130605 0.526537 1;
15768, 0.127083 0.378704 1 0.130605 0.526537 1;
15778, 0.127083 0.378704 1 0.130605 0.526537 1;
15788, 0.127083 0.378704 1 0.130605 0.526537 1;
15798, 0.127083 0.378704 1 0.130605 0.526537 1;
15808, 0.127083 0.378704 1 0.130605 0.526537 1;
15818, 0.127604 0.37963 1 0.130605 0.526537 1;
15828, 0.127604 0.37963 1 0.130605 0.526537 1;
15838, 0.127604 0.37963 1 0.130605 0.526537 1;
15848, 0.127604 0.37963 1 0.130605 0.526537 1;
15858, 0.127604 0.381481 1 0.130605 0.526537 1;
15868, 0.127604 0.381481 1 0.131454 0.525476 1;
15878, 0.127604 0.381481 1 0.131454 0.525476 1;
15888, 0.127604 0.381481 1 0.131454 0.525476 1;
15898, 0.127604 0.382407 1 0.131454 0.525476 1;
15908, 0.127604 0.382407 1 0.131454 0.525476 1;
15918, 0.127604 0.382407 1 0.131454 0.525476 1;
15928, 0.128125 0.383333 1 0.131454 0.525476 1;
15938, 0.128125 0.383333 1 0.131454 0.525476 1;
15948, 0.128125 0.385185 1 0.131454 0.525476 1;
15958, 0.128125 0.386111 1 0.131454 0.525476 1;
15968, 0.128125 0.386111 1 0.131454 0.525476 1;
15978, 0.128125 0.387963 1 0.131454 0.525476 1;
15988, 0.128125 0.388889 1 0.131454 0.525476 1;
15998, 0.128125 0.390741 1 0.131454 0.525476 1;
16008, 0.128125 0.391667 1 0.131454 0.525476 1;
16018, 0.127604 0.394444 1 0.131454 0.525476 1;
16028, 0.127604 0.396296 1 0.131454 0.525476 1;
16038, 0.127604 0.398148 1 0.131454 0.525476 1;
16048, 0.127604 0.400926 1 0.131454 0.525476 1;
16058, 0.127604 0.40463 1 0.131454 0.525476 1;
16068, 0.127083 0.406481 1 0.131454 0.525476 1;
16078, 0.127083 0.410185 1 0.131454 0.525476 1;
16088, 0.127083 0.412963 1 0.131454 0.525476 1;
16098, 0.127083 0.417593 1 0.131454 0.525476 1;
16108, 0.127083 0.419444 1 0.131454 0.525476 1;
16118, 0.127083 0.424074 1 0.131454 0.525476 1;
16128, 0.127083 0.428704 1 0.131454 0.525476 1;
16138, 0.127083 0.431481 1 0.131454 0.525476 1;
16148, 0.127083 0.435185 1 0.131454 0.525476 1;
16158, 0.127083 0.437963 1 0.131454 0.525476 1;
16168, 0.127083 0.441667 1 0.131454 0.525476 1;
16178, 0.127083 0.444444 1 0.131454 0.525476 1;
16188, 0.127083 0.447222 1 0.131454 0.525476 1;
16198, 0.127083 0.449074 1 0.131454 0.525476 1;
16208, 0.127604 0.452778 1 0.131454 0.525476 1;
16218, 0.127604 0.45463 1 0.131454 0.525476 1;
16228, 0.127604 0.457407 1 0.131454 0.525476 1;
16238, 0.127604 0.459259 1 0.131454 0.525476 1;
16248, 0.127604 0.462037 1 0.131454 0.525476 1;
16258, 0.127604 0.464815 1 0.131454 0.525476 1;
16268, 0.127604 0.467593 1 0.131454 0.525476 1;
16278, 0.127604 0.469444 1 0.131454 0.525476 1;
16288, 0.128125 0.47037 1 0.131454 0.525476 1;
16298, 0.128125 0.474074 1 0.131454 0.525476 1;
16308, 0.128125 0.476852 1 0.131454 0.525476 1;
16318, 0.128125 0.478704 1 0.131454 0.525476 1;
16328, 0.128125 0.481481 1 0.131454 0.525476 1;
16338, 0.128125 0.483333 1 0.131454 0.525476 1;
16348, 0.128125 0.486111 1 0.131454 0.525476 1;
16358, 0.128125 0.489815 1 0.131454 0.525476 1;
16368, 0.128125 0.490741 1 0.131454 0.525476 1;
16378, 0.128646 0.494444 1 0.131454 0.525476 1;
16388, 0.128646 0.49537 1 0.131454 0.525476 1;
16398, 0.128646 0.499074 1 0.131454 0.525476 1;
16408, 0.129167 0.500926 1 0.131454 0.525476 1;
16418, 0.129167 0.503704 1 0.131454 0.525476 1;
16467, 0.129167 0.503704 1 0.131454 0.525476 1;
16477, 0.129688 0.521296 1 0.131454 0.525476 1;
16487, 0.130208 0.525 1 0.131454 0.525476 1;
16497, 0.130208 0.528704 1 0.131454 0.525476 1;
16507, 0.130208 0.530556 1 0.131454 0.525476 1;
16517, 0.130729 0.534259 1 0.131454 0.525476 1;
16527, 0.130729 0.537037 1 0.131454 0.525476 1;
16537, 0.130729 0.538889 1 0.131454 0.525476 1;
16547, 0.13125 0.541667 1 0.131454 0.525476 1;
16557, 0.13125 0.544444 1 0.131454 0.525476 1;
16567, 0.13125 0.546296 1 0.131454 0.525476 1;
16577, 0.13125 0.547222 1 0.132303 0.526537 1;
16587, 0.131771 0.55 1 0.132303 0.526537 1;
16597, 0.131771 0.552778 1 0.132303 0.526537 1;
16607, 0.131771 0.555556 1 0.132303 0.526537 1;
16617, 0.131771 0.555556 1 0.132303 0.526537 1;
16627, 0.132292 0.559259 1 0.132303 0.526537 1;
16637, 0.132292 0.559259 1 0.132303 0.526537 1;
16647, 0.132292 0.562037 1 0.132303 0.526537 1;
16657, 0.132292 0.562037 1 0.132303 0.526537 1;
16667, 0.132292 0.564815 1 0.132303 0.526537 1;
16677, 0.132292 0.566667 1 0.132303 0.526537 1;
16687, 0.132292 0.566667 1 0.132303 0.52866 1;
16697, 0.132292 0.567593 1 0.132303 0.52866 1;
16707, 0.132292 0.569444 1 0.132303 0.52866 1;
16717, 0.132812 0.571296 1 0.132303 0.52866 1;
16727, 0.132812 0.572222 1 0.133152 0.529721 1;
16737, 0.132812 0.572222 1 0.133152 0.529721 1;
16747, 0.132812 0.574074 1 0.133152 0.529721 1;
16757, 0.133333 0.576852 1 0.133152 0.529721 1;
16767, 0.133333 0.576852 1 0.133152 0.529721 1;
16777, 0.133333 0.57963 1 0.134001 0.529721 1;
16787, 0.133854 0.580556 1 0.134001 0.529721 1;
16797, 0.133854 0.582407 1 0.134001 0.529721 1;
16807, 0.133854 0.582407 1 0.134001 0.529721 1;
16817, 0.134375 0.585185 1 0.134001 0.530783 1;
16827, 0.134375 0.586111 1 0.134001 0.530783 1;
16837, 0.134896 0.587037 1 0.134851 0.531844 1;
16847, 0.135417 0.588889 1 0.134851 0.531844 1;
16857, 0.135937 0.589815 1 0.1357 0.532906 1;
16867, 0.136458 0.592593 1 0.1357 0.532906 1;
16877, 0.136979 0.593518 1 0.1357 0.532906 1;
16887, 0.136979 0.594444 1 0.1357 0.533967 1;
16897, 0.1375 0.59537 1 0.1357 0.533967 1;
16907, 0.1375 0.59537 1 0.136549 0.535029 1;
16917, 0.138021 0.597222 1 0.136549 0.53609 1;
16927, 0.138542 0.598148 1 0.136549 0.53609 1;
16937, 0.139062 0.6 1 0.137398 0.537152 1;
16947, 0.139583 0.600926 1 0.137398 0.537152 1;
16957, 0.139583 0.600926 1 0.139096 0.539275 1;
16967, 0.140104 0.602778 1 0.139096 0.540336 1;
16977, 0.140104 0.602778 1 0.139946 0.541398 1;
16987, 0.140625 0.605556 1 0.140795 0.542459 1;
16997, 0.141146 0.606481 1 0.140795 0.543521 1;
17007, 0.141667 0.607407 1 0.140795 0.543521 1;
17017, 0.141667 0.607407 1 0.142493 0.545644 1;
17027, 0.142188 0.609259 1 0.143342 0.547767 1;
17037, 0.142708 0.610185 1 0.143342 0.547767 1;
17047, 0.143229 0.611111 1 0.145041 0.550951 1;
17057, 0.14375 0.612037 1 0.145041 0.552013 1;
17067, 0.144271 0.612963 1 0.14589 0.552013 1;
17077, 0.144792 0.614815 1 0.146739 0.553074 1;
17087, 0.145313 0.615741 1 0.146739 0.553074 1;
17097, 0.145313 0.615741 1 0.147588 0.555197 1;
17107, 0.145833 0.616667 1 0.148438 0.556258 1;
17117, 0.146354 0.617593 1 0.148438 0.55732 1;
17127, 0.146875 0.619444 1 0.148438 0.55732 1;
17137, 0.146875 0.619444 1 0.149287 0.559443 1;
17147, 0.147396 0.62037 1 0.149287 0.560504 1;
17157, 0.147917 0.62037 1 0.150136 0.561566 1;
17167, 0.148958 0.621296 1 0.150136 0.562627 1;
17177, 0.149479 0.622222 1 0.150985 0.563689 1;
17187, 0.149479 0.622222 1 0.150985 0.563689 1;
17197, 0.15 0.623148 1 0.151834 0.566873 1;
17207, 0.150521 0.628704 1 0.151834 0.567935 1;
17217, 0.150521 0.631481 1 0.152683 0.568996 1;
17227, 0.151042 0.633333 1 0.152683 0.572181 1;
17237, 0.151042 0.634259 1 0.153533 0.573242 1;
17247, 0.151562 0.636111 1 0.153533 0.577488 1;
17257, 0.151562 0.637037 1 0.153533 0.579611 1;
17267, 0.151562 0.637037 1 0.153533 0.582796 1;
17277, 0.151562 0.637963 1 0.154382 0.584918 1;
17287, 0.151562 0.637963 1 0.154382 0.588103 1;
17297, 0.151562 0.639815 1 0.154382 0.589164 1;
17307, 0.151042 0.640741 1 0.153533 0.592349 1;
17317, 0.151042 0.642593 1 0.153533 0.595533 1;
17327, 0.150521 0.643519 1 0.153533 0.595533 1;
17337, 0.15 0.64537 1 0.152683 0.600841 1;
17347, 0.149479 0.646296 1 0.152683 0.602964 1;
17357, 0.148958 0.648148 1 0.151834 0.606148 1;
17367, 0.148438 0.649074 1 0.150985 0.608271 1;
17377, 0.147917 0.650926 1 0.150136 0.611456 1;
17387, 0.147396 0.651852 1 0.149287 0.612517 1;
17397, 0.146875 0.65463 1 0.149287 0.613578 1;
17407, 0.146875 0.65463 1 0.147588 0.616763 1;
17417, 0.145313 0.657407 1 0.147588 0.617824 1;
17427, 0.14375 0.660185 1 0.146739 0.618886 1;
17437, 0.143229 0.661111 1 0.14589 0.619947 1;
17447, 0.142188 0.663889 1 0.145041 0.62207 1;
17457, 0.141146 0.664815 1 0.144192 0.623132 1;
17467, 0.140104 0.666667 1 0.144192 0.625255 1;
17477, 0.140104 0.666667 1 0.143342 0.626316 1;
17487, 0.136979 0.67037 1 0.142493 0.627378 1;
17497, 0.136979 0.67037 1 0.142493 0.627378 1;
17507, 0.135417 0.673148 1 0.140795 0.630562 1;
17517, 0.135417 0.673148 1 0.139096 0.632685 1;
17527, 0.13125 0.677778 1 0.138247 0.632685 1;
17537, 0.129167 0.67963 1 0.137398 0.633747 1;
17547, 0.128646 0.680556 1 0.136549 0.634808 1;
17557, 0.127604 0.680556 1 0.136549 0.63587 1;
17567, 0.125521 0.682407 1 0.134001 0.637993 1;
17577, 0.123958 0.683333 1 0.133152 0.640115 1;
17587, 0.122917 0.684259 1 0.133152 0.640115 1;
17597, 0.120833 0.685185 1 0.131454 0.641177 1;
17607, 0.118229 0.686111 1 0.131454 0.641177 1;
17617, 0.117188 0.686111 1 0.129755 0.642238 1;
17627, 0.115625 0.687037 1 0.128057 0.644361 1;
17637, 0.113021 0.687963 1 0.126359 0.645423 1;
17647, 0.111979 0.688889 1 0.12551 0.645423 1;
17657, 0.110417 0.688889 1 0.12551 0.646484 1;
17667, 0.108333 0.689815 1 0.123811 0.647546 1;
17677, 0.105729 0.689815 1 0.122962 0.648607 1;
17687, 0.105208 0.689815 1 0.122962 0.648607 1;
17697, 0.102604 0.690741 1 0.120414 0.649669 1;
17707, 0.101562 0.690741 1 0.120414 0.649669 1;
17717, 0.098958 0.690741 1 0.118716 0.65073 1;
17727, 0.097917 0.690741 1 0.117018 0.65073 1;
17737, 0.095833 0.690741 1 0.116168 0.651792 1;
17747, 0.09375 0.690741 1 0.11447 0.651792 1;
17757, 0.092708 0.690741 1 0.11447 0.651792 1;
17767, 0.091667 0.690741 1 0.112772 0.652853 1;
17777, 0.090104 0.690741 1 0.112772 0.652853 1;
17787, 0.089062 0.690741 1 0.111073 0.652853 1;
17797, 0.086979 0.690741 1 0.110224 0.652853 1;
17807, 0.085938 0.690741 1 0.108526 0.652853 1;
17817, 0.085417 0.689815 1 0.107677 0.653915 1;
17827, 0.082813 0.689815 1 0.105978 0.653915 1;
17837, 0.082292 0.688889 1 0.10428 0.653915 1;
17847, 0.08125 0.688889 1 0.103431 0.653915 1;
17857, 0.080729 0.688889 1 0.101732 0.653915 1;
17867, 0.079687 0.687963 1 0.100883 0.653915 1;
17877, 0.078646 0.687963 1 0.099185 0.653915 1;
17887, 0.078125 0.687963 1 0.098336 0.653915 1;
17897, 0.077604 0.687037 1 0.096637 0.653915 1;
17907, 0.077604 0.687037 1 0.095788 0.653915 1;
17917, 0.075521 0.686111 1 0.094939 0.653915 1;
17927, 0.074479 0.685185 1 0.09409 0.653915 1;
17937, 0.073958 0.685185 1 0.09324 0.653915 1;
17947, 0.073437 0.684259 1 0.092391 0.652853 1;
17957, 0.072396 0.684259 1 0.090693 0.652853 1;
17967, 0.072396 0.684259 1 0.089844 0.652853 1;
17977, 0.071354 0.683333 1 0.088995 0.652853 1;
17987, 0.070833 0.683333 1 0.088145 0.652853 1;
17997, 0.070312 0.682407 1 0.086447 0.651792 1;
18007, 0.069271 0.681481 1 0.085598 0.651792 1;
18017, 0.06875 0.681481 1 0.084749 0.651792 1;
18027, 0.067708 0.680556 1 0.083899 0.65073 1;
18037, 0.067188 0.67963 1 0.08305 0.65073 1;
18047, 0.066146 0.67963 1 0.082201 0.65073 1;
18057, 0.066146 0.678704 1 0.081352 0.649669 1;
18067, 0.065104 0.677778 1 0.079654 0.648607 1;
18077, 0.064583 0.675926 1 0.079654 0.648607 1;
18087, 0.064062 0.675 1 0.077955 0.647546 1;
18097, 0.063021 0.675 1 0.077955 0.647546 1;
18107, 0.0625 0.674074 1 0.077106 0.646484 1;
18117, 0.061979 0.673148 1 0.077106 0.646484 1;
18127, 0.061458 0.671296 1 0.076257 0.645423 1;
18137, 0.061458 0.671296 1 0.076257 0.645423 1;
18147, 0.060417 0.671296 1 0.075408 0.644361 1;
18157, 0.059896 0.669444 1 0.075408 0.644361 1;
18167, 0.059896 0.669444 1 0.075408 0.644361 1;
18177, 0.059375 0.668519 1 0.075408 0.6433 1;
18187, 0.058854 0.667593 1 0.075408 0.6433 1;
18197, 0.058854 0.666667 1 0.075408 0.6433 1;
18207, 0.058854 0.666667 1 0.075408 0.6433 1;
18217, 0.058333 0.665741 1 0.074558 0.642238 1;
18227, 0.058333 0.663889 1 0.074558 0.642238 1;
18237, 0.058333 0.662963 1 0.074558 0.642238 1;
18247, 0.058333 0.662963 1 0.074558 0.642238 1;
18257, 0.057813 0.661111 1 0.074558 0.642238 1;
18267, 0.057292 0.660185 1 0.074558 0.642238 1;
18277, 0.056771 0.658333 1 0.074558 0.642238 1;
18287, 0.056771 0.657407 1 0.074558 0.642238 1;
18297, 0.056771 0.657407 1 0.074558 0.642238 1;
18307, 0.05625 0.655556 1 0.074558 0.642238 1;
18317, 0.055729 0.65463 1 0.074558 0.642238 1;
18327, 0.055729 0.652778 1 0.075408 0.641177 1;
18337, 0.055729 0.652778 1 0.075408 0.641177 1;
18347, 0.055208 0.651852 1 0.075408 0.641177 1;
18357, 0.054688 0.650926 1 0.075408 0.641177 1;
18367, 0.054688 0.65 1 0.076257 0.642238 1;
18377, 0.054688 0.65 1 0.076257 0.642238 1;
18387, 0.054167 0.648148 1 0.076257 0.642238 1;
18397, 0.054167 0.646296 1 0.076257 0.642238 1;
18407, 0.054167 0.646296 1 0.076257 0.642238 1;
18417, 0.053646 0.64537 1 0.076257 0.6433 1;
18427, 0.053646 0.643519 1 0.076257 0.6433 1;
18437, 0.053125 0.642593 1 0.076257 0.6433 1;
18447, 0.053125 0.642593 1 0.076257 0.6433 1;
18457, 0.053125 0.640741 1 0.076257 0.6433 1;
18467, 0.053125 0.640741 1 0.077106 0.644361 1;
18477, 0.052604 0.639815 1 0.077106 0.644361 1;
18487, 0.052604 0.639815 1 0.077106 0.644361 1;
18497, 0.052604 0.639815 1 0.077955 0.644361 1;
18507, 0.052604 0.639815 1 0.077955 0.644361 1;
18517, 0.052604 0.638889 1 0.077955 0.644361 1;
18527, 0.052083 0.636111 1 0.077955 0.644361 1;
18537, 0.052083 0.632407 1 0.077955 0.645423 1;
18547, 0.052083 0.630556 1 0.078804 0.646484 1;
18557, 0.052083 0.627778 1 0.078804 0.646484 1;
18567, 0.052083 0.627778 1 0.079654 0.647546 1;
18577, 0.052083 0.625 1 0.079654 0.647546 1;
18587, 0.052083 0.624074 1 0.080503 0.648607 1;
18597, 0.052083 0.624074 1 0.080503 0.649669 1;
18607, 0.052083 0.624074 1 0.081352 0.65073 1;
18617, 0.052083 0.622222 1 0.082201 0.65073 1;
18627, 0.052083 0.621296 1 0.082201 0.651792 1;
18637, 0.052083 0.621296 1 0.08305 0.652853 1;
18647, 0.052083 0.619444 1 0.083899 0.653915 1;
18657, 0.052083 0.618519 1 0.084749 0.654976 1;
18667, 0.052083 0.616667 1 0.085598 0.656038 1;
18677, 0.052604 0.615741 1 0.086447 0.657099 1;
18687, 0.052604 0.613889 1 0.087296 0.658161 1;
18697, 0.052604 0.611111 1 0.088995 0.660284 1;
18707, 0.052604 0.611111 1 0.088995 0.660284 1;
18717, 0.053125 0.608333 1 0.089844 0.661345 1;
18727, 0.053125 0.608333 1 0.090693 0.662407 1;
18737, 0.053646 0.60463 1 0.091542 0.663468 1;
18747, 0.053646 0.60463 1 0.09324 0.665591 1;
18757, 0.054167 0.601852 1 0.09409 0.666653 1;
18767, 0.054167 0.601852 1 0.094939 0.667714 1;
18777, 0.054167 0.599074 1 0.096637 0.668775 1;
18787, 0.054688 0.597222 1 0.097486 0.669837 1;
18797, 0.054688 0.596296 1 0.098336 0.670898 1;
18807, 0.055208 0.594444 1 0.098336 0.670898 1;
18817, 0.055729 0.592593 1 0.100034 0.67196 1;
18827, 0.056771 0.589815 1 0.101732 0.674083 1;
18837, 0.057292 0.587037 1 0.103431 0.675144 1;
18847, 0.057813 0.586111 1 0.103431 0.676206 1;
18857, 0.058333 0.583333 1 0.105129 0.678329 1;
18867, 0.058854 0.581481 1 0.106827 0.67939 1;
18877, 0.059896 0.57963 1 0.106827 0.680452 1;
18887, 0.060417 0.577778 1 0.107677 0.680452 1;
18897, 0.061979 0.575 1 0.109375 0.681513 1;
18907, 0.0625 0.574074 1 0.110224 0.682575 1;
18917, 0.063021 0.572222 1 0.111923 0.683636 1;
18927, 0.064062 0.569444 1 0.113621 0.684698 1;
18937, 0.064583 0.567593 1 0.11447 0.685759 1;
18947, 0.065104 0.566667 1 0.116168 0.687882 1;
18957, 0.065625 0.563889 1 0.117018 0.687882 1;
18967, 0.066146 0.562963 1 0.118716 0.690005 1;
18977, 0.066146 0.562037 1 0.119565 0.691067 1;
18987, 0.067708 0.559259 1 0.120414 0.691067 1;
18997, 0.068229 0.558333 1 0.121264 0.692128 1;
19007, 0.06875 0.557407 1 0.122962 0.69319 1;
19017, 0.069792 0.55463 1 0.123811 0.694251 1;
19027, 0.070312 0.551852 1 0.12466 0.694251 1;
19037, 0.071354 0.55 1 0.12551 0.695313 1;
19047, 0.071875 0.548148 1 0.126359 0.695313 1;
19057, 0.072917 0.54537 1 0.127208 0.696374 1;
19067, 0.073958 0.542593 1 0.128057 0.696374 1;
19077, 0.073958 0.542593 1 0.128906 0.697435 1;
19087, 0.076042 0.538889 1 0.129755 0.697435 1;
19097, 0.076042 0.537037 1 0.129755 0.698497 1;
19107, 0.077083 0.534259 1 0.130605 0.699558 1;
19117, 0.078125 0.531482 1 0.131454 0.699558 1;
19127, 0.078646 0.52963 1 0.132303 0.699558 1;
19137, 0.079687 0.526852 1 0.133152 0.70062 1;
19147, 0.080729 0.523148 1 0.134851 0.70062 1;
19157, 0.08125 0.522222 1 0.1357 0.70062 1;
19167, 0.082292 0.518519 1 0.136549 0.701681 1;
19177, 0.082813 0.516667 1 0.137398 0.701681 1;
19187, 0.084896 0.512037 1 0.139096 0.701681 1;
19197, 0.085417 0.509259 1 0.139096 0.701681 1;
19207, 0.086979 0.50463 1 0.140795 0.702743 1;
19217, 0.088542 0.5 1 0.141644 0.702743 1;
19227, 0.089583 0.497222 1 0.143342 0.702743 1;
19237, 0.090625 0.492593 1 0.143342 0.702743 1;
19247, 0.091667 0.489815 1 0.145041 0.702743 1;
19257, 0.092188 0.487037 1 0.146739 0.702743 1;
19267, 0.09375 0.483333 1 0.146739 0.702743 1;
19277, 0.094271 0.47963 1 0.148438 0.701681 1;
19287, 0.094271 0.477778 1 0.149287 0.701681 1;
19297, 0.095312 0.474074 1 0.150985 0.701681 1;
19307, 0.095833 0.471296 1 0.150985 0.701681 1;
19317, 0.095833 0.469444 1 0.151834 0.701681 1;
19327, 0.096875 0.465741 1 0.152683 0.701681 1;
19337, 0.097396 0.463889 1 0.153533 0.701681 1;
19347, 0.097917 0.460185 1 0.154382 0.701681 1;
19357, 0.098438 0.458333 1 0.154382 0.701681 1;
19367, 0.099479 0.45463 1 0.155231 0.701681 1;
19377, 0.1 0.45 1 0.15608 0.701681 1;
19387, 0.100521 0.447222 1 0.156929 0.701681 1;
19397, 0.101042 0.443519 1 0.157779 0.702743 1;
19407, 0.101042 0.441667 1 0.159477 0.702743 1;
19417, 0.101562 0.437037 1 0.159477 0.702743 1;
19427, 0.102083 0.432407 1 0.160326 0.703804 1;
19437, 0.102083 0.427778 1 0.161175 0.703804 1;
19447, 0.102083 0.427778 1 0.162024 0.704866 1;
19457, 0.103125 0.421296 1 0.162874 0.705927 1;
19467, 0.103125 0.418519 1 0.162874 0.705927 1;
19477, 0.103646 0.413889 1 0.164572 0.706989 1;
19487, 0.104167 0.411111 1 0.164572 0.706989 1;
19497, 0.104687 0.405556 1 0.165421 0.709112 1;
19507, 0.104687 0.40463 1 0.165421 0.709112 1;
19517, 0.105208 0.398148 1 0.16627 0.711235 1;
19527, 0.105729 0.393519 1 0.16712 0.712296 1;
19537, 0.10625 0.390741 1 0.16712 0.712296 1;
19547, 0.106771 0.385185 1 0.167969 0.713358 1;
19557, 0.107292 0.378704 1 0.168818 0.714419 1;
19567, 0.107813 0.375926 1 0.168818 0.715481 1;
19577, 0.107813 0.373148 1 0.169667 0.716542 1;
19587, 0.108333 0.366667 1 0.170516 0.718665 1;
19597, 0.108333 0.361111 1 0.170516 0.718665 1;
19607, 0.108854 0.358333 1 0.170516 0.719727 1;
19617, 0.108854 0.352778 1 0.171365 0.720788 1;
19627, 0.108854 0.350926 1 0.172215 0.72185 1;
19637, 0.108854 0.346296 1 0.172215 0.722911 1;
19647, 0.108854 0.344444 1 0.172215 0.722911 1;
19657, 0.108854 0.340741 1 0.173064 0.723972 1;
19667, 0.109375 0.337963 1 0.173064 0.723972 1;
19677, 0.109375 0.337037 1 0.173064 0.723972 1;
19687, 0.109375 0.335185 1 0.173064 0.725034 1;
19697, 0.109375 0.333333 1 0.173064 0.725034 1;
19707, 0.109375 0.332407 1 0.173064 0.725034 1;
19717, 0.109375 0.330556 1 0.173064 0.725034 1;
19727, 0.109375 0.330556 1 0.173064 0.725034 1;
19737, 0.109375 0.330556 1 0.173064 0.725034 1;
19747, 0.109896 0.32963 1 0.173064 0.725034 1;
19757, 0.109896 0.32963 1 0.173064 0.725034 1;
19767, 0.109896 0.32963 1 0.173064 0.725034 1;
19777, 0.109896 0.32963 1 0.173064 0.725034 1;
19787, 0.109896 0.32963 1 0.173064 0.725034 1;
19797, 0.110417 0.330556 1 0.173064 0.725034 1;
19807, 0.110417 0.330556 1 0.173064 0.725034 1;
19817, 0.110937 0.331481 1 0.173064 0.725034 1;
19827, 0.110937 0.333333 1 0.173064 0.723972 1;
19837, 0.111458 0.336111 1 0.173064 0.723972 1;
19847, 0.111979 0.337963 1 0.172215 0.722911 1;
19857, 0.1125 0.343519 1 0.172215 0.722911 1;
19867, 0.113021 0.349074 1 0.171365 0.72185 1;
19877, 0.113021 0.349074 1 0.171365 0.72185 1;
19887, 0.113542 0.359259 1 0.170516 0.719727 1;
19897, 0.114063 0.363889 1 0.169667 0.718665 1;
19907, 0.114063 0.367593 1 0.169667 0.716542 1;
19917, 0.114583 0.375 1 0.168818 0.714419 1;
19927, 0.115104 0.383333 1 0.167969 0.711235 1;
19937, 0.115625 0.387963 1 0.16627 0.709112 1;
19947, 0.115625 0.396296 1 0.165421 0.705927 1;
19957, 0.116146 0.40463 1 0.165421 0.704866 1;
19967, 0.116667 0.409259 1 0.163723 0.701681 1;
19977, 0.116667 0.417593 1 0.162874 0.698497 1;
19987, 0.117188 0.422222 1 0.162024 0.697435 1;
19997, 0.117708 0.431481 1 0.161175 0.695313 1;
20007, 0.118229 0.435185 1 0.160326 0.694251 1;
20017, 0.119271 0.444444 1 0.159477 0.691067 1;
20027, 0.119271 0.449074 1 0.158628 0.690005 1;
20037, 0.119792 0.458333 1 0.157779 0.687882 1;
20047, 0.120312 0.467593 1 0.156929 0.685759 1;
20057, 0.120312 0.472222 1 0.15608 0.682575 1;
20067, 0.120833 0.481481 1 0.155231 0.681513 1;
20077, 0.120833 0.487037 1 0.154382 0.67939 1;
20087, 0.120833 0.497222 1 0.153533 0.677267 1;
20097, 0.120833 0.502778 1 0.152683 0.675144 1;
20107, 0.120833 0.512963 1 0.151834 0.673021 1;
20117, 0.120833 0.524074 1 0.150136 0.669837 1;
20127, 0.120312 0.530556 1 0.149287 0.667714 1;
20137, 0.119792 0.544444 1 0.148438 0.66453 1;
20147, 0.119792 0.55 1 0.146739 0.661345 1;
20157, 0.119271 0.562037 1 0.146739 0.660284 1;
20167, 0.119271 0.567593 1 0.145041 0.657099 1;
20177, 0.119271 0.573148 1 0.144192 0.653915 1;
20187, 0.119271 0.587963 1 0.144192 0.652853 1;
20197, 0.119271 0.596296 1 0.143342 0.65073 1;
20207, 0.119792 0.6 1 0.142493 0.649669 1;
20217, 0.119792 0.608333 1 0.141644 0.646484 1;
20227, 0.119792 0.611111 1 0.140795 0.644361 1;
20237, 0.120312 0.615741 1 0.140795 0.644361 1;
20247, 0.120833 0.619444 1 0.139946 0.641177 1;
20257, 0.120833 0.62037 1 0.139946 0.641177 1;
20267, 0.120833 0.62963 1 0.138247 0.639054 1;
20277, 0.121354 0.634259 1 0.138247 0.637993 1;
20287, 0.121354 0.636111 1 0.138247 0.636931 1;
20297, 0.121875 0.637963 1 0.138247 0.636931 1;
20307, 0.121875 0.637963 1 0.137398 0.633747 1;
20317, 0.122396 0.638889 1 0.137398 0.633747 1;
20327, 0.122396 0.639815 1 0.136549 0.632685 1;
20337, 0.122396 0.639815 1 0.136549 0.632685 1;
20347, 0.122917 0.641667 1 0.136549 0.631624 1;
20357, 0.122917 0.642593 1 0.1357 0.631624 1;
20367, 0.122917 0.642593 1 0.1357 0.631624 1;
20377, 0.122917 0.642593 1 0.1357 0.631624 1;
20387, 0.130729 0.60463 1 0.1357 0.631624 1;
20397, 0. 0. 0 0.119565 0.670898 1;
20407, 0. 0. 0 0. 0. 0;
20417, 0. 0. 0 0. 0. 0;
20427, 0. 0. 0 0. 0. 0;
20437, 0. 0. 0 0. 0. 0;
20447, 0. 0. 0 0. 0. 0;
20457, 0. 0. 0 0. 0. 0;
20467, 0. 0. 0 0. 0. 0;
20477, 0. 0. 0 0. 0. 0;
20487, 0. 0. 0 0. 0. 0;
20497, 0. 0. 0 0. 0. 0;
20507, 0. 0. 0 0. 0. 0;
20517, 0. 0. 0 0. 0. 0;
20527, 0. 0. 0 0. 0. 0;
20537, 0. 0. 0 0. 0. 0;
20547, 0. 0. 0 0. 0. 0;
20557, 0. 0. 0 0. 0. 0;
20567, 0. 0. 0 0. 0. 0;
20577, 0. 0. 0 0. 0. 0;
20587, 0. 0. 0 0. 0. 0;
20597, 0. 0. 0 0. 0. 0;
20607, 0. 0. 0 0. 0. 0;
20617, 0. 0. 0 0. 0. 0;
20627, 0. 0. 0 0. 0. 0;
20637, 0. 0. 0 0. 0. 0;
20647, 0. 0. 0 0. 0. 0;
20657, 0. 0. 0 0. 0. 0;
20667, 0. 0. 0 0. 0. 0;
20677, 0. 0. 0 0. 0. 0;
20687, 0. 0. 0 0. 0. 0;
20697, 0. 0. 0 0. 0. 0;
20707, 0. 0. 0 0. 0. 0;
20717, 0. 0. 0 0. 0. 0;
20727, 0. 0. 0 0. 0. 0;
20737, 0. 0. 0 0. 0. 0;
20747, 0. 0. 0 0. 0. 0;
20757, 0. 0. 0 0. 0. 0;
20767, 0. 0. 0 0. 0. 0;
20777, 0. 0. 0 0. 0. 0;
20787, 0. 0. 0 0. 0. 0;
20797, 0. 0. 0 0. 0. 0;
20807, 0. 0. 0 0. 0. 0;
20817, 0. 0. 0 0. 0. 0;
20827, 0. 0. 0 0. 0. 0;
20837, 0. 0. 0 0. 0. 0;
20847, 0. 0. 0 0. 0. 0;
20857, 0. 0. 0 0. 0. 0;
20867, 0. 0. 0 0. 0. 0;
20877, 0. 0. 0 0. 0. 0;
20887, 0. 0. 0 0. 0. 0;
20897, 0. 0. 0 0. 0. 0;
20907, 0. 0. 0 0. 0. 0;
20917, 0. 0. 0 0. 0. 0;
20927, 0. 0. 0 0. 0. 0;
20937, 0. 0. 0 0. 0. 0;
20947, 0. 0. 0 0. 0. 0;
20957, 0. 0. 0 0. 0. 0;
20967, 0. 0. 0 0. 0. 0;
20977, 0. 0. 0 0. 0. 0;
20987, 0. 0. 0 0. 0. 0;
20997, 0. 0. 0 0. 0. 0;
21007, 0. 0. 0 0. 0. 0;
21017, 0. 0. 0 0. 0. 0;
21027, 0. 0. 0 0. 0. 0;
21037, 0. 0. 0 0. 0. 0;
21047, 0. 0. 0 0. 0. 0;
21057, 0. 0. 0 0. 0. 0;
21067, 0. 0. 0 0. 0. 0;
21077, 0. 0. 0 0. 0. 0;
21087, 0. 0. 0 0. 0. 0;
21097, 0. 0. 0 0. 0. 0;
21107, 0. 0. 0 0. 0. 0;
21117, 0. 0. 0 0. 0. 0;
21127, 0. 0. 0 0. 0. 0;
21137, 0. 0. 0 0. 0. 0;
21147, 0. 0. 0 0. 0. 0;
21157, 0. 0. 0 0. 0. 0;
21167, 0. 0. 0 0. 0. 0;
21177, 0. 0. 0 0. 0. 0;
21187, 0. 0. 0 0. 0. 0;
21197, 0. 0. 0 0. 0. 0;
21207, 0. 0. 0 0. 0. 0;
21217, 0. 0. 0 0. 0. 0;
21227, 0. 0. 0 0. 0. 0;
21237, 0. 0. 0 0. 0. 0;
21247, 0. 0. 0 0. 0. 0;
21257, 0. 0. 0 0. 0. 0;
21267, 0. 0. 0 0. 0. 0;
21277, 0. 0. 0 0. 0. 0;
21287, 0. 0. 0 0. 0. 0;
21297, 0. 0. 0 0. 0. 0;
21307, 0. 0. 0 0. 0. 0;
21317, 0. 0. 0 0. 0. 0;
21327, 0. 0. 0 0. 0. 0;
21337, 0. 0. 0 0. 0. 0;
21347, 0. 0. 0 0. 0. 0;
21357, 0. 0. 0 0. 0. 0;
21367, 0. 0. 0 0. 0. 0;
21377, 0. 0. 0 0. 0. 0;
21387, 0. 0. 0 0. 0. 0;
21397, 0. 0. 0 0. 0. 0;
21407, 0. 0. 0 0. 0. 0;
21417, 0. 0. 0 0. 0. 0;
21427, 0. 0. 0 0. 0. 0;
21437, 0. 0. 0 0. 0. 0;
21447, 0. 0. 0 0. 0. 0;
21457, 0. 0. 0 0. 0. 0;
21467, 0. 0. 0 0. 0. 0;
21477, 0. 0. 0 0. 0. 0;
21487, 0. 0. 0 0. 0. 0;
21497, 0. 0. 0 0. 0. 0;
21507, 0. 0. 0 0. 0. 0;
21517, 0. 0. 0 0. 0. 0;
21527, 0. 0. 0 0. 0. 0;
21537, 0. 0. 0 0. 0. 0;
21547, 0. 0. 0 0. 0. 0;
21557, 0. 0. 0 0. 0. 0;
21567, 0. 0. 0 0. 0. 0;
21577, 0. 0. 0 0. 0. 0;
21587, 0. 0. 0 0. 0. 0;
21597, 0. 0. 0 0. 0. 0;
21607, 0. 0. 0 0. 0. 0;
21617, 0. 0. 0 0. 0. 0;
21627, 0. 0. 0 0. 0. 0;
21637, 0. 0. 0 0. 0. 0;
21647, 0. 0. 0 0. 0. 0;
21657, 0. 0. 0 0. 0. 0;
21667, 0. 0. 0 0. 0. 0;
21677, 0. 0. 0 0. 0. 0;
21687, 0. 0. 0 0. 0. 0;
21697, 0. 0. 0 0. 0. 0;
21707, 0. 0. 0 0. 0. 0;
21717, 0. 0. 0 0. 0. 0;
21727, 0. 0. 0 0. 0. 0;
21737, 0. 0. 0 0. 0. 0;
21747, 0. 0. 0 0. 0. 0;
21757, 0. 0. 0 0. 0. 0;
21767, 0. 0. 0 0. 0. 0;
21777, 0. 0. 0 0. 0. 0;
21787, 0. 0. 0 0. 0. 0;
21797, 0. 0. 0 0. 0. 0;
21807, 0. 0. 0 0. 0. 0;
21817, 0. 0. 0 0. 0. 0;
21827, 0. 0. 0 0. 0. 0;
21837, 0. 0. 0 0. 0. 0;
21847, 0. 0. 0 0. 0. 0;
21857, 0. 0. 0 0. 0. 0;
21867, 0. 0. 0 0. 0. 0;
21877, 0. 0. 0 0. 0. 0;
21887, 0. 0. 0 0. 0. 0;
21897, 0. 0. 0 0. 0. 0;
21907, 0. 0. 0 0. 0. 0;
21917, 0. 0. 0 0. 0. 0;
21927, 0. 0. 0 0. 0. 0;
21937, 0. 0. 0 0. 0. 0;
21947, 0. 0. 0 0. 0. 0;
21957, 0. 0. 0 0. 0. 0;
21967, 0. 0. 0 0. 0. 0;
21977, 0. 0. 0 0. 0. 0;
21987, 0. 0. 0 0. 0. 0;
21997, 0. 0. 0 0. 0. 0;
22007, 0. 0. 0 0. 0. 0;
22017, 0. 0. 0 0. 0. 0;
22027, 0. 0. 0 0. 0. 0;
22037, 0. 0. 0 0. 0. 0;
22047, 0. 0. 0 0. 0. 0;
22057, 0. 0. 0 0. 0. 0;
22067, 0. 0. 0 0. 0. 0;
22077, 0. 0. 0 0. 0. 0;
22087, 0. 0. 0 0. 0. 0;
22097, 0. 0. 0 0. 0. 0;
22107, 0. 0. 0 0. 0. 0;
22117, 0. 0. 0 0. 0. 0;
22127, 0. 0. 0 0. 0. 0;
22137, 0. 0. 0 0. 0. 0;
22147, 0. 0. 0 0. 0. 0;
22157, 0. 0. 0 0. 0. 0;
22167, 0. 0. 0 0. 0. 0;
22177, 0. 0. 0 0. 0. 0;
22187, 0. 0. 0 0. 0. 0;
22197, 0. 0. 0 0. 0. 0;
22207, 0. 0. 0 0. 0. 0;
22217, 0. 0. 0 0. 0. 0;
22227, 0. 0. 0 0. 0. 0;
22237, 0. 0. 0 0. 0. 0;
22247, 0. 0. 0 0. 0. 0;
22257, 0. 0. 0 0. 0. 0;
22267, 0. 0. 0 0. 0. 0;
22277, 0. 0. 0 0. 0. 0;
22287, 0. 0. 0 0. 0. 0;
22297, 0. 0. 0 0. 0. 0;
22307, 0. 0. 0 0. 0. 0;
22317, 0. 0. 0 0. 0. 0;
22327, 0. 0. 0 0. 0. 0;
22337, 0. 0. 0 0. 0. 0;
22347, 0. 0. 0 0. 0. 0;
22357, 0. 0. 0 0. 0. 0;
22367, 0. 0. 0 0. 0. 0;
22377, 0. 0. 0 0. 0. 0;
22387, 0. 0. 0 0. 0. 0;
22397, 0. 0. 0 0. 0. 0;
22407, 0. 0. 0 0. 0. 0;
22417, 0. 0. 0 0. 0. 0;
22427, 0. 0. 0 0. 0. 0;
22437, 0. 0. 0 0. 0. 0;
22447, 0. 0. 0 0. 0. 0;
22457, 0. 0. 0 0. 0. 0;
22467, 0. 0. 0 0. 0. 0;
22477, 0. 0. 0 0. 0. 0;
22487, 0. 0. 0 0. 0. 0;
22497, 0. 0. 0 0. 0. 0;
22507, 0. 0. 0 0. 0. 0;
22517, 0. 0. 0 0. 0. 0;
22527, 0. 0. 0 0. 0. 0;
22537, 0. 0. 0 0. 0. 0;
22547, 0. 0. 0 0. 0. 0;
22557, 0. 0. 0 0. 0. 0;
22567, 0. 0. 0 0. 0. 0;
22577, 0. 0. 0 0. 0. 0;
22587, 0. 0. 0 0. 0. 0;
22597, 0. 0. 0 0. 0. 0;
22607, 0. 0. 0 0. 0. 0;
22617, 0. 0. 0 0. 0. 0;
22627, 0. 0. 0 0. 0. 0;
22637, 0. 0. 0 0. 0. 0;
22647, 0. 0. 0 0. 0. 0;
22657, 0. 0. 0 0. 0. 0;
22667, 0. 0. 0 0. 0. 0;
22677, 0. 0. 0 0. 0. 0;
22687, 0. 0. 0 0. 0. 0;
22697, 0. 0. 0 0. 0. 0;
22707, 0. 0. 0 0. 0. 0;
22717, 0. 0. 0 0. 0. 0;
22727, 0. 0. 0 0. 0. 0;
22737, 0. 0. 0 0. 0. 0;
22747, 0. 0. 0 0. 0. 0;
22757, 0. 0. 0 0. 0. 0;
22767, 0. 0. 0 0. 0. 0;
22777, 0. 0. 0 0. 0. 0;
22787, 0. 0. 0 0. 0. 0;
22797, 0. 0. 0 0. 0. 0;
22807, 0. 0. 0 0. 0. 0;
22817, 0. 0. 0 0. 0. 0;
22827, 0. 0. 0 0. 0. 0;
22837, 0. 0. 0 0. 0. 0;
22847, 0. 0. 0 0. 0. 0;
22857, 0. 0. 0 0. 0. 0;
22867, 0. 0. 0 0. 0. 0;
22877, 0. 0. 0 0. 0. 0;
22887, 0. 0. 0 0. 0. 0;
22897, 0. 0. 0 0. 0. 0;
22907, 0. 0. 0 0. 0. 0;
22917, 0. 0. 0 0. 0. 0;
22927, 0. 0. 0 0. 0. 0;
22937, 0. 0. 0 0. 0. 0;
22947, 0. 0. 0 0. 0. 0;
22957, 0. 0. 0 0. 0. 0;
22967, 0. 0. 0 0. 0. 0;
22977, 0. 0. 0 0. 0. 0;
22987, 0. 0. 0 0. 0. 0;
22997, 0. 0. 0 0. 0. 0;
23007, 0. 0. 0 0. 0. 0;
23017, 0. 0. 0 0. 0. 0;
23027, 0. 0. 0 0. 0. 0;
23037, 0. 0. 0 0. 0. 0;
23047, 0. 0. 0 0. 0. 0;
23057, 0. 0. 0 0. 0. 0;
23067, 0. 0. 0 0. 0. 0;
23077, 0. 0. 0 0. 0. 0;
23087, 0. 0. 0 0. 0. 0;
23097, 0. 0. 0 0. 0. 0;
23107, 0. 0. 0 0. 0. 0;
23117, 0. 0. 0 0. 0. 0;
23127, 0. 0. 0 0. 0. 0;
23137, 0. 0. 0 0. 0. 0;
23147, 0. 0. 0 0. 0. 0;
23157, 0. 0. 0 0. 0. 0;
23167, 0. 0. 0 0. 0. 0;
23177, 0. 0. 0 0. 0. 0;
23187, 0. 0. 0 0. 0. 0;
23197, 0. 0. 0 0. 0. 0;
23207, 0. 0. 0 0. 0. 0;
23217, 0. 0. 0 0. 0. 0;
23227, 0. 0. 0 0. 0. 0;
23237, 0. 0. 0 0. 0. 0;
23247, 0. 0. 0 0. 0. 0;
23257, 0. 0. 0 0. 0. 0;
23267, 0. 0. 0 0. 0. 0;
23277, 0. 0. 0 0. 0. 0;
23287, 0. 0. 0 0. 0. 0;
23297, 0. 0. 0 0. 0. 0;
23307, 0. 0. 0 0. 0. 0;
23317, 0. 0. 0 0. 0. 0;
23327, 0. 0. 0 0. 0. 0;
23337, 0. 0. 0 0. 0. 0;
23347, 0. 0. 0 0. 0. 0;
23357, 0. 0. 0 0. 0. 0;
23367, 0. 0. 0 0. 0. 0;
23377, 0. 0. 0 0. 0. 0;
23387, 0. 0. 0 0. 0. 0;
23397, 0. 0. 0 0. 0. 0;
23407, 0. 0. 0 0. 0. 0;
23417, 0. 0. 0 0. 0. 0;
23427, 0. 0. 0 0. 0. 0;
23437, 0. 0. 0 0. 0. 0;
23447, 0. 0. 0 0. 0. 0;
23457, 0. 0. 0 0. 0. 0;
23467, 0. 0. 0 0. 0. 0;
23477, 0. 0. 0 0. 0. 0;
23487, 0. 0. 0 0. 0. 0;
23497, 0. 0. 0 0. 0. 0;
23507, 0. 0. 0 0. 0. 0;
23517, 0. 0. 0 0. 0. 0;
23527, 0. 0. 0 0. 0. 0;
23537, 0. 0. 0 0. 0. 0;
23547, 0. 0. 0 0. 0. 0;
23557, 0. 0. 0 0. 0. 0;
23567, 0. 0. 0 0. 0. 0;
23577, 0. 0. 0 0. 0. 0;
23587, 0. 0. 0 0. 0. 0;
23597, 0. 0. 0 0. 0. 0;
23607, 0. 0. 0 0. 0. 0;
23617, 0. 0. 0 0. 0. 0;
23627, 0. 0. 0 0. 0. 0;
23637, 0. 0. 0 0. 0. 0;
23647, 0. 0. 0 0. 0. 0;
23657, 0. 0. 0 0. 0. 0;
23667, 0. 0. 0 0. 0. 0;
23677, 0. 0. 0 0. 0. 0;
23687, 0. 0. 0 0. 0. 0;
23697, 0. 0. 0 0. 0. 0;
23707, 0. 0. 0 0. 0. 0;
23717, 0. 0. 0 0. 0. 0;
23727, 0. 0. 0 0. 0. 0;
23737, 0. 0. 0 0. 0. 0;
23747, 0. 0. 0 0. 0. 0;
23757, 0. 0. 0 0. 0. 0;
23767, 0. 0. 0 0. 0. 0;
23777, 0. 0. 0 0. 0. 0;
23787, 0. 0. 0 0. 0. 0;
23797, 0. 0. 0 0. 0. 0;
23807, 0. 0. 0 0. 0. 0;
23817, 0. 0. 0 0. 0. 0;
23827, 0. 0. 0 0. 0. 0;
23837, 0. 0. 0 0. 0. 0;
23847, 0. 0. 0 0. 0. 0;
23857, 0. 0. 0 0. 0. 0;
23867, 0. 0. 0 0. 0. 0;
23877, 0. 0. 0 0. 0. 0;
23887, 0. 0. 0 0. 0. 0;
23897, 0. 0. 0 0. 0. 0;
23907, 0. 0. 0 0. 0. 0;
23917, 0. 0. 0 0. 0. 0;
23927, 0. 0. 0 0. 0. 0;
23937, 0. 0. 0 0. 0. 0;
23947, 0. 0. 0 0. 0. 0;
23957, 0. 0. 0 0. 0. 0;
23967, 0. 0. 0 0. 0. 0;
23977, 0. 0. 0 0. 0. 0;
23987, 0. 0. 0 0. 0. 0;
23997, 0. 0. 0 0. 0. 0;
24007, 0. 0. 0 0. 0. 0;
24017, 0. 0. 0 0. 0. 0;
24027, 0. 0. 0 0. 0. 0;
24037, 0. 0. 0 0. 0. 0;
24047, 0. 0. 0 0. 0. 0;
24057, 0. 0. 0 0. 0. 0;
24067, 0. 0. 0 0. 0. 0;
24077, 0. 0. 0 0. 0. 0;
24087, 0. 0. 0 0. 0. 0;
24097, 0. 0. 0 0. 0. 0;
24107, 0. 0. 0 0. 0. 0;
24117, 0. 0. 0 0. 0. 0;
24127, 0. 0. 0 0. 0. 0;
24137, 0. 0. 0 0. 0. 0;
24147, 0. 0. 0 0. 0. 0;
24157, 0. 0. 0 0. 0. 0;
24167, 0. 0. 0 0. 0. 0;
24177, 0. 0. 0 0. 0. 0;
24187, 0. 0. 0 0. 0. 0;
24197, 0. 0. 0 0. 0. 0;
24207, 0. 0. 0 0. 0. 0;
24217, 0. 0. 0 0. 0. 0;
24227, 0. 0. 0 0. 0. 0;
24237, 0. 0. 0 0. 0. 0;
24247, 0. 0. 0 0. 0. 0;
24257, 0. 0. 0 0. 0. 0;
24267, 0. 0. 0 0. 0. 0;
24277, 0. 0. 0 0. 0. 0;
24287, 0. 0. 0 0. 0. 0;
24297, 0. 0. 0 0. 0. 0;
24307, 0. 0. 0 0. 0. 0;
24317, 0. 0. 0 0. 0. 0;
24327, 0. 0. 0 0. 0. 0;
24337, 0. 0. 0 0. 0. 0;
24347, 0. 0. 0 0. 0. 0;
24357, 0. 0. 0 0. 0. 0;
24367, 0. 0. 0 0. 0. 0;
24377, 0. 0. 0 0. 0. 0;
24387, 0. 0. 0 0. 0. 0;
24397, 0. 0. 0 0. 0. 0;
24407, 0. 0. 0 0. 0. 0;
24417, 0. 0. 0 0. 0. 0;
24427, 0. 0. 0 0. 0. 0;
24437, 0. 0. 0 0. 0. 0;
24447, 0. 0. 0 0. 0. 0;
24457, 0. 0. 0 0. 0. 0;
24467, 0. 0. 0 0. 0. 0;
24477, 0. 0. 0 0. 0. 0;
24487, 0. 0. 0 0. 0. 0;
24497, 0. 0. 0 0. 0. 0;
24507, 0. 0. 0 0. 0. 0;
24517, 0. 0. 0 0. 0. 0;
24527, 0. 0. 0 0. 0. 0;
24537, 0. 0. 0 0. 0. 0;
24547, 0. 0. 0 0. 0. 0;
24557, 0. 0. 0 0. 0. 0;
24567, 0. 0. 0 0. 0. 0;
24577, 0. 0. 0 0. 0. 0;
24587, 0. 0. 0 0. 0. 0;
24597, 0. 0. 0 0. 0. 0;
24607, 0. 0. 0 0. 0. 0;
24617, 0. 0. 0 0. 0. 0;
24627, 0. 0. 0 0. 0. 0;
24637, 0. 0. 0 0. 0. 0;
24647, 0. 0. 0 0. 0. 0;
24657, 0. 0. 0 0. 0. 0;
24667, 0. 0. 0 0. 0. 0;
24677, 0. 0. 0 0. 0. 0;
24687, 0. 0. 0 0. 0. 0;
24697, 0. 0. 0 0. 0. 0;
24707, 0. 0. 0 0. 0. 0;
24717, 0. 0. 0 0. 0. 0;
24727, 0. 0. 0 0. 0. 0;
24737, 0. 0. 0 0. 0. 0;
24747, 0. 0. 0 0. 0. 0;
24757, 0. 0. 0 0. 0. 0;
24767, 0. 0. 0 0. 0. 0;
24777, 0. 0. 0 0. 0. 0;
24787, 0. 0. 0 0. 0. 0;
24797, 0. 0. 0 0. 0. 0;
24807, 0. 0. 0 0. 0. 0;
24817, 0. 0. 0 0. 0. 0;
24827, 0. 0. 0 0. 0. 0;
24837, 0. 0. 0 0. 0. 0;
24847, 0. 0. 0 0. 0. 0;
24857, 0. 0. 0 0. 0. 0;
24867, 0. 0. 0 0. 0. 0;
24877, 0. 0. 0 0. 0. 0;
24887, 0. 0. 0 0. 0. 0;
24897, 0. 0. 0 0. 0. 0;
24907, 0. 0. 0 0. 0. 0;
24917, 0. 0. 0 0. 0. 0;
24927, 0. 0. 0 0. 0. 0;
24937, 0. 0. 0 0. 0. 0;
24947, 0. 0. 0 0. 0. 0;
24957, 0. 0. 0 0. 0. 0;
24967, 0. 0. 0 0. 0. 0;
24977, 0. 0. 0 0. 0. 0;
24987, 0. 0. 0 0. 0. 0;
24997, 0. 0. 0 0. 0. 0;
25007, 0. 0. 0 0. 0. 0;
25017, 0. 0. 0 0. 0. 0;
25027, 0. 0. 0 0. 0. 0;
25037, 0. 0. 0 0. 0. 0;
25047, 0. 0. 0 0. 0. 0;
25057, 0. 0. 0 0. 0. 0;
25067, 0. 0. 0 0. 0. 0;
25077, 0. 0. 0 0. 0. 0;
25087, 0. 0. 0 0. 0. 0;
25097, 0. 0. 0 0. 0. 0;
25107, 0. 0. 0 0. 0. 0;
25117, 0. 0. 0 0. 0. 0;
25127, 0. 0. 0 0. 0. 0;
25137, 0. 0. 0 0. 0. 0;
25147, 0. 0. 0 0. 0. 0;
25157, 0. 0. 0 0. 0. 0;
25167, 0. 0. 0 0. 0. 0;
25177, 0. 0. 0 0. 0. 0;
25187, 0. 0. 0 0. 0. 0;
25197, 0. 0. 0 0. 0. 0;
25207, 0. 0. 0 0. 0. 0;
25217, 0. 0. 0 0. 0. 0;
25227, 0. 0. 0 0. 0. 0;
25237, 0. 0. 0 0. 0. 0;
25247, 0. 0. 0 0. 0. 0;
25257, 0. 0. 0 0. 0. 0;
